2	2	13
2	2	7
2	2	8
2	2	3
2	2	4
2	2	6
2	2	9
2	2	9
2	2	8
2	2	12
1	2	6
1	2	12
1	2	7
1	2	1
1	2	0
1	2	4
1	2	9
1	2	5
1	2	4
1	2	2
12	2	22
12	2	25
12	2	21
12	2	19
12	2	27
12	2	21
12	2	21
12	2	25
12	2	22
12	2	23
11	2	24
11	2	31
11	2	28
11	2	25
11	2	28
11	2	29
11	2	20
11	2	30
11	2	20
11	2	25
10	2	25
10	2	22
10	2	19
10	2	26
10	2	31
10	2	31
10	2	27
10	2	20
10	2	24
10	2	30
194	2	90
194	2	87
194	2	86
173	2	84
173	2	85
173	2	91
195	2	93
195	2	79
195	2	88
185	2	83
185	2	81
185	2	84
182	2	77
182	2	87
182	2	97
183	2	88
183	2	86
183	2	89
186	2	97
186	2	88
186	2	74
184	2	81
184	2	96
184	2	81
174	2	76
174	2	85
174	2	81
196	2	75
196	2	74
196	2	75
172	2	76
172	2	89
172	2	80
180	2	85
180	2	90
180	2	83
175	2	89
175	2	86
175	2	95
169	2	85
169	2	80
169	2	97
197	2	92
197	2	88
197	2	94
181	2	91
181	2	81
181	2	79
191	2	85
191	2	85
191	2	76
170	2	82
170	2	77
170	2	81
171	2	89
171	2	88
171	2	94
192	2	86
192	2	82
192	2	89
193	2	89
193	2	76
193	2	97
167	2	80
167	2	85
167	2	91
179	2	75
179	2	90
179	2	96
189	2	86
189	2	85
189	2	90
168	2	94
168	2	78
168	2	85
178	2	82
178	2	79
178	2	74
190	2	78
190	2	82
190	2	81
177	2	75
177	2	90
177	2	95
176	2	80
176	2	90
176	2	87
187	2	95
187	2	76
187	2	95
188	2	89
188	2	77
188	2	94
165	2	87
165	2	84
165	2	96
166	2	95
166	2	74
166	2	79
314	2	101
314	2	102
314	2	100
314	2	102
314	2	112
314	2	111
422	2	123
422	2	115
429	2	115
429	2	123
421	2	119
421	2	124
419	2	123
419	2	121
416	2	127
416	2	118
417	2	119
417	2	115
411	2	117
411	2	121
412	2	114
412	2	126
424	2	127
424	2	119
423	2	118
423	2	125
420	2	118
420	2	117
426	2	114
426	2	120
434	2	125
434	2	119
431	2	125
431	2	114
428	2	119
428	2	124
414	2	126
414	2	128
418	2	125
418	2	127
430	2	116
430	2	121
433	2	121
433	2	119
432	2	123
432	2	126
427	2	126
427	2	121
425	2	120
425	2	119
415	2	121
415	2	117
413	2	128
413	2	127
1	10	5
1	10	5
1	10	8
1	10	9
1	10	12
1	10	9
1	10	6
1	10	8
1	10	10
1	10	6
2	10	5
2	10	0
2	10	2
2	10	6
2	10	5
2	10	14
2	10	8
2	10	7
2	10	0
2	10	0
10	10	24
10	10	20
10	10	23
10	10	25
10	10	22
10	10	23
10	10	27
10	10	31
10	10	27
10	10	28
11	10	27
11	10	21
11	10	22
11	10	27
11	10	23
11	10	23
11	10	33
11	10	32
11	10	28
11	10	23
12	10	31
12	10	28
12	10	21
12	10	23
12	10	30
12	10	19
12	10	30
12	10	30
12	10	33
12	10	32
176	10	93
176	10	96
176	10	81
178	10	85
178	10	82
178	10	88
166	10	95
166	10	89
166	10	92
177	10	96
177	10	84
177	10	94
165	10	90
165	10	96
165	10	84
189	10	74
189	10	78
189	10	90
187	10	89
187	10	87
187	10	83
188	10	74
188	10	94
188	10	86
314	10	102
314	10	107
314	10	101
314	10	102
314	10	102
314	10	108
430	10	122
430	10	125
411	10	123
411	10	128
432	10	122
432	10	120
414	10	127
414	10	123
424	10	120
424	10	122
426	10	118
426	10	122
427	10	125
427	10	119
429	10	115
429	10	127
423	10	115
423	10	122
413	10	125
413	10	122
428	10	115
428	10	118
433	10	120
433	10	124
417	10	124
417	10	114
421	10	114
421	10	117
420	10	128
420	10	122
412	10	117
412	10	114
425	10	127
425	10	124
416	10	125
416	10	119
419	10	118
419	10	125
431	10	114
431	10	126
415	10	128
415	10	128
418	10	116
418	10	127
434	10	126
434	10	124
422	10	123
422	10	118
18	18	36
18	18	37
18	18	52
18	18	53
18	18	50
18	18	36
18	18	51
18	18	34
18	18	50
18	18	37
19	18	39
19	18	43
19	18	49
19	18	51
19	18	38
19	18	45
19	18	52
19	18	46
19	18	46
19	18	43
21	18	64
21	18	66
21	18	55
21	18	59
21	18	68
21	18	55
21	18	62
21	18	60
21	18	56
21	18	71
0	170	6
0	170	5
0	170	9
0	170	4
0	170	6
0	170	10
0	178	1
0	178	5
0	178	4
0	178	9
0	178	8
0	178	4
0	186	8
0	186	4
0	186	9
0	186	1
0	186	7
0	186	10
0	194	4
0	194	2
0	194	3
0	194	5
0	194	6
0	194	5
2	170	145
2	170	367
2	170	132
2	170	253
2	170	262
2	170	300
2	170	79
2	170	80
2	170	253
2	170	370
1	170	273
1	170	374
1	170	322
1	170	33
1	170	264
1	170	112
1	170	28
1	170	247
1	170	255
1	170	30
1	178	215
1	178	335
1	178	313
1	178	109
1	178	225
1	178	128
1	178	311
1	178	249
1	178	217
1	178	167
2	178	264
2	178	123
2	178	15
2	178	120
2	178	300
2	178	295
2	178	332
2	178	212
2	178	61
2	178	332
2	186	289
2	186	375
2	186	140
2	186	343
2	186	140
2	186	244
2	186	168
2	186	17
2	186	374
2	186	334
1	186	327
1	186	385
1	186	90
1	186	89
1	186	267
1	186	102
1	186	321
1	186	299
1	186	269
1	186	298
2	194	357
2	194	86
2	194	16
2	194	203
2	194	104
2	194	119
2	194	26
2	194	164
2	194	336
2	194	151
1	194	369
1	194	180
1	194	158
1	194	130
1	194	350
1	194	312
1	194	174
1	194	238
1	194	78
1	194	176
4	106	464
4	106	458
4	106	482
4	106	454
4	106	477
4	106	401
4	106	396
4	106	411
3	106	395
3	106	482
3	106	481
3	106	436
3	106	430
3	106	439
3	106	483
3	106	450
3	114	421
3	114	462
3	114	437
3	114	397
3	114	468
3	114	457
3	114	436
3	114	450
4	114	448
4	114	458
4	114	466
4	114	489
4	114	488
4	114	477
4	114	475
4	114	410
3	122	403
3	122	447
3	122	401
3	122	415
3	122	474
3	122	393
3	122	489
3	122	440
4	122	413
4	122	415
4	122	458
4	122	443
4	122	470
4	122	394
4	122	392
4	122	469
4	130	468
4	130	439
4	130	432
4	130	459
4	130	479
4	130	450
4	130	454
4	130	473
3	130	466
3	130	398
3	130	437
3	130	395
3	130	421
3	130	438
3	130	396
3	130	403
5	242	393
5	242	401
5	242	394
5	242	450
5	242	418
5	242	416
5	242	483
5	242	399
6	242	484
6	242	406
6	242	406
6	242	413
6	242	448
6	242	441
6	242	425
6	242	444
6	250	454
6	250	484
6	250	455
6	250	396
6	250	415
6	250	475
6	250	432
6	250	399
5	250	434
5	250	467
5	250	489
5	250	465
5	250	408
5	250	475
5	250	446
5	250	392
6	258	408
6	258	485
6	258	413
6	258	431
6	258	410
6	258	421
6	258	483
6	258	422
5	258	484
5	258	447
5	258	396
5	258	414
5	258	476
5	258	396
5	258	428
5	258	443
5	266	474
5	266	466
5	266	421
5	266	453
5	266	453
5	266	456
5	266	432
5	266	486
6	266	450
6	266	402
6	266	472
6	266	397
6	266	458
6	266	432
6	266	408
6	266	403
6	274	450
6	274	477
6	274	457
6	274	393
6	274	446
6	274	409
6	274	394
6	274	406
5	274	413
5	274	479
5	274	483
5	274	461
5	274	428
5	274	461
5	274	389
5	274	441
8	58	628
8	58	701
8	58	648
8	58	789
8	58	861
8	58	707
8	58	783
8	58	617
8	58	706
8	58	799
7	58	784
7	58	547
7	58	548
7	58	662
7	58	556
7	58	628
7	58	540
7	58	607
7	58	675
7	58	797
9	58	555
9	58	855
9	58	603
9	58	541
9	58	596
9	58	606
9	58	598
9	58	696
9	58	765
9	58	820
7	66	545
7	66	653
7	66	852
7	66	500
7	66	860
7	66	819
7	66	575
7	66	767
7	66	735
7	66	616
8	66	737
8	66	716
8	66	795
8	66	820
8	66	507
8	66	833
8	66	668
8	66	660
8	66	788
8	66	571
9	66	579
9	66	629
9	66	539
9	66	846
9	66	794
9	66	518
9	66	619
9	66	502
9	66	597
9	66	599
9	74	505
9	74	576
9	74	587
9	74	658
9	74	757
9	74	670
9	74	769
9	74	772
9	74	788
9	74	504
8	74	592
8	74	653
8	74	708
8	74	578
8	74	592
8	74	711
8	74	746
8	74	642
8	74	712
8	74	576
7	74	583
7	74	752
7	74	522
7	74	584
7	74	798
7	74	524
7	74	639
7	74	707
7	74	850
7	74	590
8	82	718
8	82	518
8	82	701
8	82	795
8	82	748
8	82	783
8	82	657
8	82	539
8	82	771
8	82	653
9	82	558
9	82	802
9	82	639
9	82	644
9	82	536
9	82	822
9	82	511
9	82	696
9	82	822
9	82	720
7	82	569
7	82	544
7	82	739
7	82	551
7	82	684
7	82	765
7	82	606
7	82	821
7	82	653
7	82	659
7	90	649
7	90	861
7	90	621
7	90	860
7	90	778
7	90	590
7	90	806
7	90	863
7	90	802
7	90	849
8	90	854
8	90	568
8	90	852
8	90	828
8	90	706
8	90	679
8	90	838
8	90	728
8	90	682
8	90	668
9	90	626
9	90	736
9	90	773
9	90	606
9	90	853
9	90	775
9	90	754
9	90	675
9	90	505
9	90	822
9	98	864
9	98	781
9	98	733
9	98	668
9	98	743
9	98	798
9	98	696
9	98	628
9	98	857
9	98	739
8	98	820
8	98	833
8	98	784
8	98	517
8	98	673
8	98	860
8	98	603
8	98	806
8	98	531
8	98	811
7	98	660
7	98	624
7	98	612
7	98	572
7	98	671
7	98	591
7	98	720
7	98	790
7	98	616
7	98	516
11	170	511
11	170	604
11	170	696
11	170	643
11	170	621
11	170	571
11	170	719
11	170	670
11	170	585
11	170	829
10	170	699
10	170	611
10	170	589
10	170	799
10	170	719
10	170	787
10	170	633
10	170	790
10	170	782
10	170	856
12	170	628
12	170	828
12	170	563
12	170	693
12	170	507
12	170	764
12	170	817
12	170	574
12	170	673
12	170	823
10	178	681
10	178	800
10	178	839
10	178	727
10	178	815
10	178	714
10	178	757
10	178	852
10	178	513
10	178	759
11	178	494
11	178	824
11	178	525
11	178	643
11	178	861
11	178	724
11	178	604
11	178	567
11	178	542
11	178	543
12	178	558
12	178	539
12	178	812
12	178	782
12	178	753
12	178	714
12	178	639
12	178	735
12	178	606
12	178	622
12	186	496
12	186	642
12	186	605
12	186	616
12	186	611
12	186	856
12	186	599
12	186	615
12	186	747
12	186	595
11	186	755
11	186	755
11	186	862
11	186	808
11	186	627
11	186	819
11	186	670
11	186	768
11	186	555
11	186	586
10	186	749
10	186	821
10	186	561
10	186	494
10	186	723
10	186	845
10	186	796
10	186	703
10	186	564
10	186	496
12	194	691
12	194	815
12	194	749
12	194	605
12	194	807
12	194	552
12	194	635
12	194	796
12	194	604
12	194	527
11	194	572
11	194	567
11	194	495
11	194	602
11	194	770
11	194	825
11	194	714
11	194	641
11	194	620
11	194	559
10	194	680
10	194	788
10	194	762
10	194	562
10	194	592
10	194	792
10	194	595
10	194	861
10	194	593
10	194	624
15	282	610
15	282	746
15	282	728
15	282	614
15	282	669
15	282	698
15	282	746
15	282	603
15	282	845
15	282	818
14	282	769
14	282	801
14	282	858
14	282	536
14	282	549
14	282	619
14	282	614
14	282	754
14	282	636
14	282	779
13	282	522
13	282	831
13	282	787
13	282	535
13	282	569
13	282	814
13	282	585
13	282	680
13	282	695
13	282	839
14	290	548
14	290	766
14	290	835
14	290	675
14	290	663
14	290	852
14	290	606
14	290	704
14	290	824
14	290	679
13	290	764
13	290	660
13	290	772
13	290	620
13	290	545
13	290	781
13	290	668
13	290	756
13	290	774
13	290	503
15	290	598
15	290	677
15	290	726
15	290	836
15	290	840
15	290	706
15	290	627
15	290	836
15	290	859
15	290	526
13	298	838
13	298	763
13	298	862
13	298	783
13	298	791
13	298	584
13	298	845
13	298	538
13	298	497
13	298	540
14	298	785
14	298	747
14	298	663
14	298	729
14	298	862
14	298	719
14	298	522
14	298	737
14	298	760
14	298	688
15	298	837
15	298	591
15	298	604
15	298	748
15	298	706
15	298	609
15	298	517
15	298	662
15	298	645
15	298	588
15	306	730
15	306	690
15	306	596
15	306	564
15	306	861
15	306	741
15	306	706
15	306	596
15	306	854
15	306	709
14	306	713
14	306	610
14	306	601
14	306	792
14	306	790
14	306	857
14	306	581
14	306	811
14	306	498
14	306	794
13	306	791
13	306	833
13	306	519
13	306	772
13	306	571
13	306	499
13	306	823
13	306	796
13	306	781
13	306	695
17	106	1437
17	106	1324
17	106	1299
17	106	1048
17	106	1315
17	106	1165
17	106	1088
17	106	1308
17	106	1241
17	106	1093
16	106	1082
16	106	1020
16	106	1403
16	106	1280
16	106	892
16	106	1246
16	106	1371
16	106	1023
16	106	1304
16	106	1364
16	114	915
16	114	1001
16	114	1422
16	114	1142
16	114	1364
16	114	1396
16	114	1439
16	114	1221
16	114	1050
16	114	1442
17	114	1272
17	114	1232
17	114	1050
17	114	1407
17	114	1179
17	114	1353
17	114	1346
17	114	1271
17	114	1005
17	114	1125
16	122	893
16	122	1283
16	122	1477
16	122	1274
16	122	1453
16	122	1207
16	122	1430
16	122	874
16	122	1321
16	122	1474
17	122	962
17	122	908
17	122	1158
17	122	1141
17	122	932
17	122	962
17	122	1233
17	122	913
17	122	896
17	122	1002
17	130	951
17	130	959
17	130	1061
17	130	1330
17	130	966
17	130	867
17	130	1201
17	130	1360
17	130	1135
17	130	1206
16	130	1308
16	130	1276
16	130	1383
16	130	1189
16	130	1224
16	130	1225
16	130	1321
16	130	1313
16	130	1250
16	130	1380
18	242	1027
18	242	1134
18	242	1222
18	242	1406
18	242	1117
18	242	1313
18	242	1201
18	242	895
18	242	1391
18	242	1202
19	242	1158
19	242	1472
19	242	1294
19	242	1023
19	242	1462
19	242	1170
19	242	1065
19	242	1452
19	242	1424
19	242	938
19	250	1139
19	250	1436
19	250	1219
19	250	1365
19	250	1072
19	250	951
19	250	1326
19	250	1104
19	250	1182
19	250	1329
18	250	867
18	250	1168
18	250	923
18	250	1428
18	250	1042
18	250	1374
18	250	933
18	250	1113
18	250	1220
18	250	1257
18	258	1102
18	258	1130
18	258	1359
18	258	1478
18	258	1141
18	258	1244
18	258	1039
18	258	995
18	258	900
18	258	1043
19	258	1156
19	258	1478
19	258	1205
19	258	920
19	258	1353
19	258	1003
19	258	886
19	258	1455
19	258	940
19	258	1155
18	266	1216
18	266	945
18	266	1169
18	266	1440
18	266	946
18	266	1391
18	266	1076
18	266	885
18	266	963
18	266	1082
19	266	1402
19	266	1361
19	266	1115
19	266	1350
19	266	1336
19	266	1428
19	266	1458
19	266	1383
19	266	1459
19	266	1188
19	274	1178
19	274	1172
19	274	1259
19	274	944
19	274	914
19	274	1137
19	274	1439
19	274	1379
19	274	1247
19	274	1445
18	274	1002
18	274	974
18	274	1256
18	274	1473
18	274	947
18	274	955
18	274	1428
18	274	1156
18	274	1277
18	274	1098
20	106	1772
20	106	1565
20	106	1764
20	106	1819
20	106	1589
20	106	2070
20	106	2081
20	106	1700
20	106	1797
20	106	1875
20	114	1948
20	114	1941
20	114	1708
20	114	1573
20	114	1696
20	114	2015
20	114	2044
20	114	1519
20	114	1915
20	114	1950
20	122	1728
20	122	1704
20	122	1729
20	122	1966
20	122	1996
20	122	1642
20	122	1509
20	122	1760
20	122	1945
20	122	2030
20	130	2094
20	130	1581
20	130	1639
20	130	1641
20	130	1490
20	130	1586
20	130	1589
20	130	1581
20	130	1562
20	130	1496
21	242	1567
21	242	1728
21	242	1945
21	242	1810
21	242	2020
21	242	1633
21	242	1883
21	242	1810
21	242	1798
21	242	1785
21	250	1904
21	250	1510
21	250	1832
21	250	1494
21	250	1648
21	250	1816
21	250	2019
21	250	1494
21	250	1694
21	250	1768
21	258	1598
21	258	1867
21	258	1876
21	258	1802
21	258	1852
21	258	1702
21	258	2080
21	258	1834
21	258	1906
21	258	1829
21	266	1968
21	266	2033
21	266	2066
21	266	1543
21	266	1834
21	266	1893
21	266	1778
21	266	1817
21	266	1919
21	266	1634
21	274	1583
21	274	1790
21	274	1487
21	274	1772
21	274	1934
21	274	1778
21	274	1716
21	274	1593
21	274	1555
21	274	1649
36	26	2480
50	26	2626
29	26	2459
22	26	2127
43	26	2406
36	34	2785
22	34	2764
29	34	2173
50	34	2731
43	34	2137
43	42	2167
50	42	2392
29	42	2243
36	42	2345
22	42	2283
49	50	2631
50	50	2689
48	50	2769
51	50	2191
52	50	2398
39	50	2153
38	50	2657
40	50	2253
26	50	2667
46	50	2259
36	50	2629
25	50	2124
53	50	2303
54	50	2493
42	50	2156
27	50	2349
31	50	2099
37	50	2193
47	50	2427
28	50	2280
43	50	2359
29	50	2541
41	50	2670
30	50	2098
35	50	2496
24	50	2166
44	50	2504
23	50	2244
33	50	2213
34	50	2262
32	50	2497
45	50	2741
22	50	2374
57	58	2303
71	58	2496
78	58	2098
92	58	2761
64	58	2320
85	58	2242
78	66	2725
57	66	2624
71	66	2588
92	66	2580
85	66	2240
64	66	2740
64	74	2740
85	74	2567
71	74	2509
57	74	2433
92	74	2342
78	74	2640
92	82	2316
71	82	2477
85	82	2249
57	82	2217
78	82	2508
64	82	2606
92	90	2737
78	90	2519
71	90	2295
57	90	2654
85	90	2662
64	90	2463
85	98	2771
71	98	2687
64	98	2465
92	98	2219
78	98	2573
57	98	2699
104	106	2250
117	106	2763
105	106	2191
106	106	2508
108	106	2153
116	106	2234
118	106	2745
107	106	2320
115	106	2378
113	106	2710
128	106	2354
125	106	2422
102	106	2718
109	106	2341
129	106	2431
126	106	2305
103	106	2163
120	106	2315
131	106	2665
127	106	2453
114	106	2190
130	106	2670
119	106	2401
101	106	2505
111	106	2507
112	106	2343
124	106	2494
123	106	2414
100	106	2461
122	106	2172
110	106	2738
121	106	2168
99	106	2116
113	114	2741
127	114	2377
99	114	2160
106	114	2525
120	114	2669
99	122	2344
113	122	2749
127	122	2767
106	122	2679
120	122	2473
120	130	2270
127	130	2295
106	130	2600
113	130	2152
99	130	2653
148	138	2474
134	138	2341
162	138	2095
141	138	2362
155	138	2410
148	146	2318
134	146	2123
155	146	2738
141	146	2354
162	146	2546
155	154	2157
134	154	2420
148	154	2224
162	154	2318
141	154	2695
163	162	2712
162	162	2312
151	162	2453
160	162	2634
152	162	2590
150	162	2111
164	162	2226
161	162	2647
142	162	2283
158	162	2501
140	162	2258
148	162	2269
147	162	2154
137	162	2161
141	162	2330
139	162	2634
138	162	2543
149	162	2542
159	162	2679
153	162	2539
146	162	2182
156	162	2565
157	162	2291
135	162	2667
136	162	2615
145	162	2726
143	162	2495
144	162	2215
155	162	2323
154	162	2231
132	162	2409
134	162	2149
133	162	2207
169	170	2728
190	170	2613
183	170	2264
176	170	2171
197	170	2341
176	178	2562
190	178	2303
169	178	2157
183	178	2758
197	178	2149
197	186	2441
183	186	2372
169	186	2135
190	186	2622
176	186	2643
183	194	2223
169	194	2394
190	194	2315
197	194	2342
176	194	2445
204	202	2560
225	202	2665
211	202	2452
239	202	2114
232	202	2346
218	202	2511
211	210	2324
232	210	2481
225	210	2104
204	210	2133
239	210	2145
218	210	2323
217	218	2781
218	218	2708
208	218	2735
216	218	2374
219	218	2375
207	218	2349
229	218	2646
230	218	2323
206	218	2132
228	218	2118
215	218	2262
241	218	2606
203	218	2325
204	218	2432
239	218	2747
214	218	2328
227	218	2224
237	218	2258
238	218	2444
226	218	2300
240	218	2542
225	218	2387
205	218	2650
236	218	2252
213	218	2567
223	218	2359
224	218	2132
202	218	2100
235	218	2321
212	218	2236
201	218	2219
221	218	2450
200	218	2313
232	218	2779
199	218	2187
233	218	2493
211	218	2460
210	218	2607
222	218	2334
234	218	2291
231	218	2196
198	218	2158
220	218	2405
209	218	2284
225	226	2240
211	226	2562
239	226	2109
204	226	2350
218	226	2156
232	226	2767
232	234	2136
225	234	2247
211	234	2386
239	234	2211
204	234	2257
218	234	2134
253	242	2120
246	242	2538
267	242	2656
260	242	2691
274	242	2766
260	250	2263
274	250	2719
246	250	2267
267	250	2264
253	250	2436
246	258	2702
260	258	2141
267	258	2240
253	258	2757
274	258	2415
267	266	2775
246	266	2780
253	266	2569
260	266	2597
274	266	2631
274	274	2587
273	274	2703
263	274	2224
272	274	2191
262	274	2422
259	274	2770
270	274	2726
261	274	2190
271	274	2459
260	274	2590
252	274	2471
251	274	2298
250	274	2586
249	274	2675
268	274	2223
247	274	2366
248	274	2785
269	274	2590
257	274	2520
258	274	2577
266	274	2252
245	274	2672
246	274	2166
256	274	2558
267	274	2609
255	274	2098
244	274	2131
264	274	2726
243	274	2647
253	274	2467
254	274	2457
242	274	2304
265	274	2477
281	282	2619
295	282	2214
288	282	2634
288	290	2174
281	290	2593
295	290	2358
288	298	2352
281	298	2429
295	298	2576
295	306	2656
281	306	2226
288	306	2628
310	106	2797
310	106	2794
310	106	2797
310	106	2789
310	106	2790
310	106	2797
310	106	2787
310	106	2796
310	106	2789
310	106	2797
310	106	2790
309	106	2789
309	106	2797
309	106	2798
309	106	2794
309	106	2798
309	106	2792
309	106	2794
309	106	2792
309	106	2793
309	106	2798
309	106	2796
308	106	2786
308	106	2798
308	106	2789
308	106	2797
308	106	2787
308	106	2788
308	106	2794
308	106	2791
308	106	2789
308	106	2789
308	106	2797
309	114	2798
309	114	2796
309	114	2794
309	114	2786
309	114	2792
309	114	2794
309	114	2797
309	114	2795
309	114	2792
309	114	2796
309	114	2790
308	114	2788
308	114	2796
308	114	2792
308	114	2792
308	114	2798
308	114	2792
308	114	2787
308	114	2786
308	114	2795
308	114	2794
308	114	2795
310	114	2792
310	114	2792
310	114	2786
310	114	2797
310	114	2794
310	114	2791
310	114	2793
310	114	2797
310	114	2796
310	114	2795
310	114	2798
308	122	2796
308	122	2793
308	122	2791
308	122	2797
308	122	2789
308	122	2790
308	122	2794
308	122	2792
308	122	2796
308	122	2792
308	122	2790
309	122	2797
309	122	2796
309	122	2798
309	122	2787
309	122	2798
309	122	2792
309	122	2795
309	122	2786
309	122	2793
309	122	2798
309	122	2793
310	122	2798
310	122	2798
310	122	2795
310	122	2797
310	122	2787
310	122	2791
310	122	2793
310	122	2790
310	122	2796
310	122	2795
310	122	2797
310	130	2797
310	130	2792
310	130	2787
310	130	2793
310	130	2790
310	130	2787
310	130	2790
310	130	2793
310	130	2786
310	130	2791
310	130	2790
309	130	2795
309	130	2797
309	130	2789
309	130	2798
309	130	2798
309	130	2792
309	130	2788
309	130	2790
309	130	2793
309	130	2792
309	130	2789
308	130	2792
308	130	2792
308	130	2789
308	130	2797
308	130	2794
308	130	2796
308	130	2794
308	130	2797
308	130	2798
308	130	2798
308	130	2797
311	242	2790
311	242	2790
311	242	2789
311	242	2797
311	242	2786
311	242	2788
311	242	2793
311	242	2788
311	242	2787
311	242	2787
311	242	2786
312	242	2792
312	242	2790
312	242	2794
312	242	2798
312	242	2791
312	242	2789
312	242	2796
312	242	2792
312	242	2788
312	242	2789
312	242	2786
313	242	2788
313	242	2798
313	242	2790
313	242	2791
313	242	2789
313	242	2797
313	242	2788
313	242	2793
313	242	2789
313	242	2787
313	242	2787
313	250	2798
313	250	2798
313	250	2788
313	250	2790
313	250	2793
313	250	2787
313	250	2787
313	250	2787
313	250	2788
313	250	2786
313	250	2786
312	250	2790
312	250	2789
312	250	2788
312	250	2789
312	250	2793
312	250	2790
312	250	2791
312	250	2790
312	250	2787
312	250	2793
312	250	2798
311	250	2794
311	250	2791
311	250	2786
311	250	2791
311	250	2796
311	250	2795
311	250	2789
311	250	2787
311	250	2787
311	250	2786
311	250	2789
312	258	2787
312	258	2787
312	258	2795
312	258	2789
312	258	2795
312	258	2797
312	258	2798
312	258	2798
312	258	2792
312	258	2798
312	258	2797
311	258	2789
311	258	2790
311	258	2792
311	258	2788
311	258	2794
311	258	2789
311	258	2795
311	258	2795
311	258	2789
311	258	2789
311	258	2796
313	258	2789
313	258	2787
313	258	2794
313	258	2792
313	258	2788
313	258	2787
313	258	2789
313	258	2795
313	258	2792
313	258	2790
313	258	2788
311	266	2796
311	266	2789
311	266	2796
311	266	2789
311	266	2787
311	266	2794
311	266	2786
311	266	2789
311	266	2794
311	266	2794
311	266	2797
312	266	2788
312	266	2788
312	266	2787
312	266	2796
312	266	2789
312	266	2791
312	266	2792
312	266	2788
312	266	2798
312	266	2786
312	266	2793
313	266	2786
313	266	2787
313	266	2798
313	266	2796
313	266	2786
313	266	2795
313	266	2793
313	266	2789
313	266	2798
313	266	2790
313	266	2797
313	274	2796
313	274	2789
313	274	2790
313	274	2787
313	274	2787
313	274	2790
313	274	2797
313	274	2789
313	274	2786
313	274	2791
313	274	2794
312	274	2798
312	274	2788
312	274	2791
312	274	2794
312	274	2789
312	274	2793
312	274	2797
312	274	2791
312	274	2786
312	274	2793
312	274	2792
311	274	2795
311	274	2794
311	274	2795
311	274	2796
311	274	2789
311	274	2798
311	274	2792
311	274	2796
311	274	2788
311	274	2793
311	274	2797
314	170	2882
314	170	2982
314	170	2831
314	170	3065
314	170	3138
314	170	2826
314	178	3052
314	178	2944
314	178	3159
314	178	2868
314	178	3099
314	178	2849
314	186	2802
314	186	2931
314	186	2804
314	186	2980
314	186	2864
314	186	2877
314	194	3065
314	194	2871
314	194	3108
314	194	2831
314	194	2824
314	194	2898
326	50	3492
326	50	3411
329	50	3204
329	50	3192
332	50	3219
332	50	3542
324	50	3282
324	50	3460
334	50	3389
334	50	3312
319	50	3179
319	50	3223
328	50	3238
328	50	3236
322	50	3420
322	50	3412
317	50	3343
317	50	3487
325	50	3426
325	50	3257
316	50	3386
316	50	3248
315	50	3429
315	50	3485
337	50	3365
337	50	3230
333	50	3313
333	50	3261
331	50	3468
331	50	3204
318	50	3350
318	50	3222
338	50	3304
338	50	3268
321	50	3397
321	50	3290
336	50	3531
336	50	3218
323	50	3416
323	50	3303
320	50	3272
320	50	3251
330	50	3479
330	50	3450
335	50	3231
335	50	3514
327	50	3200
327	50	3345
386	106	3254
386	106	3452
382	106	3249
382	106	3225
373	106	3273
373	106	3190
367	106	3436
367	106	3468
379	106	3427
379	106	3370
363	106	3461
363	106	3176
383	106	3179
383	106	3256
364	106	3520
364	106	3286
366	106	3370
366	106	3361
374	106	3297
374	106	3552
380	106	3453
380	106	3364
368	106	3322
368	106	3397
372	106	3245
372	106	3319
381	106	3299
381	106	3212
371	106	3430
371	106	3313
370	106	3247
370	106	3253
369	106	3267
369	106	3281
376	106	3278
376	106	3249
378	106	3376
378	106	3230
365	106	3285
365	106	3334
384	106	3270
384	106	3263
377	106	3243
377	106	3184
375	106	3471
375	106	3359
385	106	3322
385	106	3456
387	162	3242
387	162	3406
408	162	3308
408	162	3237
399	162	3303
399	162	3429
409	162	3315
409	162	3327
388	162	3423
388	162	3372
395	162	3215
395	162	3280
407	162	3180
407	162	3328
393	162	3543
393	162	3428
390	162	3515
390	162	3470
410	162	3314
410	162	3299
401	162	3363
401	162	3295
402	162	3279
402	162	3458
398	162	3395
398	162	3335
397	162	3222
397	162	3219
406	162	3376
406	162	3184
404	162	3470
404	162	3270
396	162	3520
396	162	3317
400	162	3370
400	162	3336
405	162	3377
405	162	3266
389	162	3275
389	162	3292
391	162	3281
391	162	3460
392	162	3420
392	162	3187
394	162	3399
394	162	3312
403	162	3255
403	162	3201
452	218	3426
452	218	3314
440	218	3333
440	218	3398
455	218	3357
455	218	3363
445	218	3403
445	218	3233
442	218	3199
442	218	3371
448	218	3448
448	218	3421
446	218	3184
446	218	3410
436	218	3196
436	218	3401
458	218	3234
458	218	3252
456	218	3279
456	218	3464
449	218	3327
449	218	3500
443	218	3187
443	218	3541
450	218	3407
450	218	3315
451	218	3238
451	218	3294
453	218	3343
453	218	3336
435	218	3456
435	218	3236
441	218	3474
441	218	3332
437	218	3401
437	218	3464
438	218	3451
438	218	3434
454	218	3452
454	218	3266
444	218	3211
444	218	3384
457	218	3319
457	218	3465
447	218	3299
447	218	3516
439	218	3460
439	218	3283
474	274	3449
474	274	3431
470	274	3424
470	274	3535
465	274	3249
465	274	3519
460	274	3502
460	274	3400
471	274	3541
471	274	3249
481	274	3326
481	274	3449
459	274	3389
459	274	3217
482	274	3366
482	274	3385
473	274	3189
473	274	3207
468	274	3417
468	274	3349
476	274	3419
476	274	3358
461	274	3504
461	274	3372
466	274	3449
466	274	3487
469	274	3320
469	274	3508
477	274	3421
477	274	3310
467	274	3487
467	274	3400
480	274	3468
480	274	3407
478	274	3408
478	274	3500
463	274	3349
463	274	3304
479	274	3251
479	274	3416
464	274	3541
464	274	3535
462	274	3546
462	274	3441
472	274	3229
472	274	3552
475	274	3380
475	274	3293
2	314	4
2	314	11
2	314	4
2	314	8
2	314	14
2	314	0
2	314	2
2	314	8
2	314	3
2	314	4
1	314	12
1	314	6
1	314	0
1	314	1
1	314	1
1	314	18
1	314	6
1	314	14
1	314	18
1	314	17
11	314	43
11	314	34
11	314	43
11	314	41
11	314	42
11	314	43
11	314	28
11	314	29
11	314	26
11	314	38
12	314	25
12	314	33
12	314	35
12	314	26
12	314	30
12	314	28
12	314	39
12	314	35
12	314	32
12	314	26
10	314	41
10	314	41
10	314	30
10	314	29
10	314	27
10	314	27
10	314	35
10	314	37
10	314	43
10	314	33
181	314	108
181	314	114
181	314	102
182	314	92
182	314	101
182	314	110
180	314	89
180	314	104
180	314	114
192	314	110
192	314	97
192	314	115
170	314	97
170	314	95
170	314	95
191	314	96
191	314	88
191	314	98
193	314	103
193	314	98
193	314	113
179	314	115
179	314	93
179	314	113
172	314	109
172	314	109
172	314	92
195	314	108
195	314	110
195	314	111
171	314	89
171	314	95
171	314	106
183	314	94
183	314	114
183	314	110
169	314	114
169	314	112
169	314	89
184	314	112
184	314	101
184	314	110
168	314	108
168	314	100
168	314	100
173	314	103
173	314	88
173	314	113
167	314	110
167	314	90
167	314	91
178	314	112
178	314	95
178	314	107
185	314	99
185	314	113
185	314	107
196	314	102
196	314	93
196	314	92
194	314	114
194	314	112
194	314	101
189	314	95
189	314	114
189	314	96
177	314	98
177	314	90
177	314	101
190	314	107
190	314	109
190	314	105
188	314	110
188	314	114
188	314	106
166	314	89
166	314	97
166	314	88
187	314	88
187	314	113
187	314	114
197	314	106
197	314	104
197	314	104
174	314	106
174	314	97
174	314	101
175	314	106
175	314	89
175	314	88
186	314	102
186	314	95
186	314	91
165	314	98
165	314	114
165	314	106
176	314	106
176	314	113
176	314	89
314	314	117
314	314	118
314	314	118
314	314	124
314	314	122
314	314	125
421	314	137
421	314	154
417	314	154
417	314	152
433	314	149
433	314	150
426	314	148
426	314	138
422	314	143
422	314	137
420	314	152
420	314	151
431	314	147
431	314	137
432	314	140
432	314	138
412	314	137
412	314	153
425	314	140
425	314	148
416	314	136
416	314	139
414	314	145
414	314	144
424	314	141
424	314	139
429	314	142
429	314	146
434	314	136
434	314	142
427	314	146
427	314	142
411	314	141
411	314	143
418	314	146
418	314	146
428	314	154
428	314	139
419	314	154
419	314	154
430	314	149
430	314	142
413	314	146
413	314	144
423	314	139
423	314	153
415	314	143
415	314	138
