2	0	11
2	0	9
2	0	4
2	0	2
2	0	3
2	0	10
2	0	11
2	0	0
2	0	9
2	0	13
1	0	1
1	0	6
1	0	6
1	0	8
1	0	7
1	0	14
1	0	12
1	0	11
1	0	1
1	0	12
11	0	29
11	0	32
11	0	26
11	0	19
11	0	27
11	0	27
11	0	21
11	0	22
11	0	27
11	0	30
12	0	25
12	0	32
12	0	25
12	0	29
12	0	19
12	0	25
12	0	31
12	0	25
12	0	28
12	0	31
10	0	24
10	0	20
10	0	27
10	0	32
10	0	32
10	0	20
10	0	25
10	0	31
10	0	25
10	0	29
179	0	96
179	0	88
179	0	80
191	0	93
191	0	82
191	0	88
183	0	92
183	0	82
183	0	75
181	0	79
181	0	94
181	0	78
170	0	92
170	0	91
170	0	76
169	0	75
169	0	86
169	0	81
171	0	88
171	0	87
171	0	84
192	0	82
192	0	85
192	0	76
193	0	91
193	0	77
193	0	78
182	0	77
182	0	77
182	0	97
180	0	94
180	0	80
180	0	84
174	0	81
174	0	93
174	0	86
177	0	92
177	0	84
177	0	96
188	0	95
188	0	77
188	0	76
194	0	86
194	0	90
194	0	79
166	0	78
166	0	90
166	0	82
184	0	94
184	0	89
184	0	97
168	0	91
168	0	78
168	0	74
190	0	75
190	0	75
190	0	93
172	0	97
172	0	83
172	0	94
196	0	78
196	0	92
196	0	92
195	0	97
195	0	86
195	0	95
167	0	85
167	0	95
167	0	93
185	0	93
185	0	77
185	0	93
178	0	92
178	0	86
178	0	91
189	0	74
189	0	88
189	0	96
173	0	92
173	0	86
173	0	77
197	0	89
197	0	88
197	0	90
187	0	97
187	0	92
187	0	91
186	0	80
186	0	89
186	0	84
165	0	74
165	0	90
165	0	90
176	0	90
176	0	85
176	0	78
175	0	87
175	0	90
175	0	96
314	0	106
314	0	106
314	0	101
314	0	104
314	0	101
314	0	110
415	0	117
415	0	125
416	0	118
416	0	123
426	0	127
426	0	118
413	0	117
413	0	126
428	0	119
428	0	120
419	0	117
419	0	120
421	0	115
421	0	126
422	0	126
422	0	128
414	0	122
414	0	128
411	0	116
411	0	118
434	0	118
434	0	119
431	0	127
431	0	114
412	0	122
412	0	114
425	0	127
425	0	127
427	0	118
427	0	122
417	0	117
417	0	114
420	0	114
420	0	125
424	0	122
424	0	124
418	0	116
418	0	127
432	0	128
432	0	128
430	0	128
430	0	117
429	0	116
429	0	121
423	0	127
423	0	116
433	0	121
433	0	127
8	8	24
8	8	26
8	8	22
8	8	27
8	8	31
8	8	19
8	8	22
8	8	32
8	8	30
8	8	27
7	8	33
7	8	26
7	8	19
7	8	32
7	8	31
7	8	32
7	8	26
7	8	32
7	8	33
7	8	29
9	8	31
9	8	26
9	8	28
9	8	25
9	8	25
9	8	31
9	8	26
9	8	25
9	8	33
9	8	20
72	8	97
72	8	85
72	8	74
84	8	86
84	8	75
84	8	91
71	8	84
71	8	91
71	8	85
70	8	84
70	8	89
70	8	81
82	8	80
82	8	82
82	8	86
73	8	97
73	8	80
73	8	74
81	8	77
81	8	90
81	8	90
83	8	85
83	8	82
83	8	93
59	8	97
59	8	78
59	8	89
345	8	122
345	8	127
339	8	116
339	8	125
341	8	119
341	8	115
343	8	115
343	8	115
348	8	120
348	8	121
356	8	119
356	8	117
350	8	126
350	8	126
342	8	122
342	8	121
360	8	123
360	8	127
358	8	119
358	8	126
349	8	114
349	8	122
340	8	114
340	8	115
352	8	122
352	8	125
351	8	127
351	8	117
347	8	127
347	8	115
355	8	124
355	8	122
344	8	128
344	8	122
359	8	114
359	8	120
362	8	118
362	8	115
357	8	115
357	8	116
361	8	121
361	8	116
346	8	127
346	8	118
353	8	117
353	8	123
354	8	124
354	8	127
16	16	36
16	16	42
16	16	45
16	16	49
16	16	50
16	16	45
16	16	52
16	16	39
16	16	51
16	16	38
17	16	34
17	16	37
17	16	46
17	16	41
17	16	48
17	16	43
17	16	51
17	16	34
17	16	39
17	16	34
20	16	73
20	16	57
20	16	60
20	16	59
20	16	70
20	16	63
20	16	61
20	16	71
20	16	64
20	16	63
0	168	4
0	168	10
0	168	4
0	168	3
0	168	6
0	168	2
0	176	11
0	176	8
0	176	11
0	176	6
0	176	6
0	176	9
0	184	7
0	184	6
0	184	4
0	184	10
0	184	7
0	184	3
0	192	2
0	192	5
0	192	10
0	192	3
0	192	7
0	192	10
1	168	234
1	168	359
1	168	205
1	168	242
1	168	98
1	168	164
1	168	373
1	168	259
1	168	39
1	168	326
2	168	13
2	168	262
2	168	164
2	168	348
2	168	50
2	168	373
2	168	160
2	168	273
2	168	307
2	168	228
1	176	303
1	176	21
1	176	362
1	176	98
1	176	61
1	176	370
1	176	229
1	176	28
1	176	378
1	176	122
2	176	99
2	176	83
2	176	328
2	176	387
2	176	86
2	176	156
2	176	38
2	176	237
2	176	112
2	176	108
2	184	380
2	184	13
2	184	190
2	184	333
2	184	71
2	184	109
2	184	86
2	184	174
2	184	67
2	184	288
1	184	67
1	184	342
1	184	332
1	184	379
1	184	171
1	184	340
1	184	98
1	184	324
1	184	320
1	184	144
1	192	70
1	192	77
1	192	371
1	192	191
1	192	35
1	192	290
1	192	321
1	192	344
1	192	28
1	192	130
2	192	108
2	192	138
2	192	24
2	192	66
2	192	137
2	192	171
2	192	305
2	192	357
2	192	127
2	192	374
3	104	470
3	104	399
3	104	442
3	104	430
3	104	478
3	104	449
3	104	475
3	104	420
4	104	408
4	104	474
4	104	445
4	104	407
4	104	413
4	104	390
4	104	406
4	104	445
3	112	420
3	112	485
3	112	398
3	112	474
3	112	470
3	112	480
3	112	427
3	112	459
4	112	461
4	112	431
4	112	424
4	112	448
4	112	389
4	112	408
4	112	410
4	112	392
4	120	403
4	120	476
4	120	456
4	120	391
4	120	476
4	120	436
4	120	392
4	120	462
3	120	426
3	120	413
3	120	409
3	120	389
3	120	447
3	120	452
3	120	429
3	120	457
4	128	467
4	128	455
4	128	411
4	128	435
4	128	474
4	128	467
4	128	445
4	128	399
3	128	479
3	128	465
3	128	401
3	128	455
3	128	429
3	128	471
3	128	414
3	128	391
5	248	456
5	248	406
5	248	416
5	248	465
5	248	413
5	248	408
5	248	419
5	248	424
6	248	447
6	248	452
6	248	469
6	248	428
6	248	398
6	248	424
6	248	466
6	248	481
5	256	416
5	256	414
5	256	476
5	256	411
5	256	414
5	256	442
5	256	470
5	256	447
6	256	395
6	256	419
6	256	452
6	256	478
6	256	478
6	256	446
6	256	454
6	256	430
5	264	393
5	264	396
5	264	482
5	264	425
5	264	433
5	264	394
5	264	428
5	264	413
6	264	447
6	264	395
6	264	457
6	264	450
6	264	433
6	264	487
6	264	436
6	264	488
6	272	464
6	272	401
6	272	435
6	272	454
6	272	445
6	272	435
6	272	391
6	272	434
5	272	409
5	272	472
5	272	456
5	272	413
5	272	410
5	272	414
5	272	435
5	272	425
7	56	606
7	56	854
7	56	502
7	56	696
7	56	864
7	56	790
7	56	720
7	56	716
7	56	671
7	56	498
8	56	654
8	56	727
8	56	510
8	56	851
8	56	688
8	56	609
8	56	578
8	56	756
8	56	617
8	56	642
9	56	709
9	56	719
9	56	738
9	56	576
9	56	586
9	56	802
9	56	586
9	56	613
9	56	511
9	56	693
9	64	853
9	64	806
9	64	729
9	64	783
9	64	862
9	64	619
9	64	538
9	64	795
9	64	747
9	64	667
8	64	606
8	64	590
8	64	709
8	64	632
8	64	638
8	64	792
8	64	754
8	64	809
8	64	731
8	64	816
7	64	758
7	64	492
7	64	603
7	64	526
7	64	828
7	64	643
7	64	561
7	64	747
7	64	720
7	64	825
8	72	501
8	72	662
8	72	818
8	72	565
8	72	741
8	72	802
8	72	803
8	72	853
8	72	801
8	72	532
9	72	809
9	72	500
9	72	667
9	72	769
9	72	752
9	72	643
9	72	734
9	72	862
9	72	607
9	72	777
7	72	766
7	72	545
7	72	609
7	72	636
7	72	508
7	72	672
7	72	672
7	72	577
7	72	618
7	72	772
7	80	713
7	80	627
7	80	555
7	80	703
7	80	754
7	80	538
7	80	574
7	80	619
7	80	831
7	80	704
8	80	774
8	80	695
8	80	597
8	80	834
8	80	719
8	80	780
8	80	500
8	80	514
8	80	812
8	80	544
9	80	800
9	80	807
9	80	520
9	80	555
9	80	675
9	80	513
9	80	592
9	80	760
9	80	800
9	80	558
7	88	645
7	88	545
7	88	851
7	88	769
7	88	762
7	88	747
7	88	770
7	88	569
7	88	815
7	88	523
8	88	788
8	88	839
8	88	810
8	88	642
8	88	774
8	88	636
8	88	826
8	88	498
8	88	669
8	88	492
9	88	504
9	88	599
9	88	837
9	88	728
9	88	562
9	88	499
9	88	694
9	88	495
9	88	627
9	88	627
9	96	859
9	96	512
9	96	610
9	96	553
9	96	775
9	96	507
9	96	661
9	96	710
9	96	493
9	96	766
8	96	731
8	96	634
8	96	743
8	96	709
8	96	740
8	96	816
8	96	591
8	96	554
8	96	849
8	96	634
7	96	539
7	96	840
7	96	769
7	96	693
7	96	708
7	96	809
7	96	706
7	96	704
7	96	762
7	96	791
11	168	745
11	168	747
11	168	543
11	168	668
11	168	767
11	168	630
11	168	592
11	168	715
11	168	740
11	168	800
10	168	528
10	168	512
10	168	794
10	168	561
10	168	732
10	168	669
10	168	806
10	168	805
10	168	755
10	168	566
12	168	515
12	168	523
12	168	613
12	168	649
12	168	603
12	168	753
12	168	743
12	168	743
12	168	747
12	168	755
10	176	560
10	176	566
10	176	685
10	176	658
10	176	562
10	176	771
10	176	654
10	176	543
10	176	597
10	176	635
11	176	652
11	176	724
11	176	707
11	176	782
11	176	496
11	176	699
11	176	777
11	176	630
11	176	540
11	176	607
12	176	822
12	176	516
12	176	862
12	176	762
12	176	851
12	176	773
12	176	589
12	176	550
12	176	703
12	176	601
12	184	728
12	184	786
12	184	828
12	184	548
12	184	758
12	184	537
12	184	566
12	184	660
12	184	853
12	184	566
11	184	537
11	184	656
11	184	738
11	184	571
11	184	639
11	184	774
11	184	490
11	184	501
11	184	554
11	184	674
10	184	659
10	184	797
10	184	634
10	184	852
10	184	818
10	184	858
10	184	747
10	184	515
10	184	731
10	184	830
11	192	545
11	192	582
11	192	595
11	192	631
11	192	508
11	192	658
11	192	555
11	192	840
11	192	712
11	192	780
10	192	709
10	192	493
10	192	699
10	192	742
10	192	760
10	192	708
10	192	840
10	192	704
10	192	618
10	192	646
12	192	591
12	192	859
12	192	788
12	192	564
12	192	687
12	192	804
12	192	568
12	192	675
12	192	664
12	192	580
14	280	687
14	280	529
14	280	553
14	280	512
14	280	595
14	280	773
14	280	735
14	280	687
14	280	839
14	280	805
15	280	666
15	280	693
15	280	506
15	280	647
15	280	700
15	280	606
15	280	586
15	280	865
15	280	551
15	280	712
13	280	791
13	280	675
13	280	573
13	280	573
13	280	644
13	280	557
13	280	590
13	280	628
13	280	495
13	280	624
13	288	529
13	288	832
13	288	707
13	288	621
13	288	685
13	288	551
13	288	597
13	288	858
13	288	817
13	288	666
14	288	686
14	288	859
14	288	774
14	288	755
14	288	648
14	288	722
14	288	757
14	288	561
14	288	690
14	288	814
15	288	748
15	288	568
15	288	793
15	288	591
15	288	819
15	288	826
15	288	609
15	288	737
15	288	612
15	288	783
15	296	799
15	296	852
15	296	686
15	296	682
15	296	810
15	296	754
15	296	835
15	296	594
15	296	515
15	296	528
14	296	612
14	296	519
14	296	689
14	296	534
14	296	538
14	296	707
14	296	496
14	296	539
14	296	651
14	296	551
13	296	609
13	296	837
13	296	768
13	296	860
13	296	784
13	296	822
13	296	524
13	296	492
13	296	772
13	296	774
15	304	737
15	304	780
15	304	845
15	304	770
15	304	786
15	304	511
15	304	627
15	304	699
15	304	849
15	304	743
14	304	658
14	304	760
14	304	533
14	304	621
14	304	560
14	304	845
14	304	649
14	304	614
14	304	790
14	304	704
13	304	680
13	304	679
13	304	682
13	304	788
13	304	578
13	304	713
13	304	829
13	304	649
13	304	533
13	304	857
17	104	1022
17	104	1225
17	104	1087
17	104	910
17	104	1113
17	104	906
17	104	1310
17	104	1473
17	104	1309
17	104	1256
16	104	1441
16	104	1255
16	104	1199
16	104	1213
16	104	1136
16	104	1258
16	104	1239
16	104	1093
16	104	1426
16	104	1270
16	112	1153
16	112	1442
16	112	1326
16	112	1041
16	112	1200
16	112	1176
16	112	1045
16	112	1423
16	112	1116
16	112	1146
17	112	1169
17	112	1469
17	112	1421
17	112	1303
17	112	1465
17	112	941
17	112	1292
17	112	1341
17	112	1163
17	112	1032
17	120	1206
17	120	1182
17	120	1188
17	120	1096
17	120	1252
17	120	987
17	120	1076
17	120	923
17	120	1388
17	120	1061
16	120	1357
16	120	1145
16	120	915
16	120	1151
16	120	1141
16	120	1049
16	120	1024
16	120	984
16	120	1053
16	120	1408
17	128	1186
17	128	936
17	128	1463
17	128	1076
17	128	1226
17	128	1259
17	128	1422
17	128	948
17	128	1083
17	128	947
16	128	1087
16	128	1474
16	128	1178
16	128	1239
16	128	1357
16	128	1274
16	128	1112
16	128	1383
16	128	1446
16	128	1210
19	248	1323
19	248	1358
19	248	1002
19	248	1259
19	248	885
19	248	1378
19	248	928
19	248	1253
19	248	1273
19	248	883
18	248	1238
18	248	1400
18	248	1366
18	248	1462
18	248	1275
18	248	1427
18	248	1381
18	248	1189
18	248	1324
18	248	1245
18	256	1437
18	256	1054
18	256	1219
18	256	1334
18	256	1454
18	256	1018
18	256	1332
18	256	1182
18	256	949
18	256	1287
19	256	911
19	256	1096
19	256	957
19	256	1454
19	256	973
19	256	1095
19	256	1449
19	256	916
19	256	1083
19	256	952
18	264	1399
18	264	1423
18	264	869
18	264	1296
18	264	1265
18	264	1138
18	264	1186
18	264	1024
18	264	972
18	264	1315
19	264	1129
19	264	1033
19	264	1380
19	264	1412
19	264	891
19	264	895
19	264	1260
19	264	1480
19	264	874
19	264	1144
19	272	899
19	272	1038
19	272	1152
19	272	1297
19	272	1235
19	272	1420
19	272	1089
19	272	903
19	272	1331
19	272	1143
18	272	1457
18	272	1262
18	272	945
18	272	1343
18	272	1119
18	272	1148
18	272	1268
18	272	1254
18	272	1346
18	272	900
20	104	1985
20	104	2001
20	104	1482
20	104	2081
20	104	1593
20	104	2024
20	104	1679
20	104	1908
20	104	1699
20	104	1970
20	112	1584
20	112	1762
20	112	2001
20	112	1797
20	112	1700
20	112	1968
20	112	1718
20	112	1537
20	112	1933
20	112	2048
20	120	1981
20	120	1565
20	120	2023
20	120	1578
20	120	1960
20	120	2060
20	120	1798
20	120	1856
20	120	1850
20	120	1513
20	128	1656
20	128	1942
20	128	1969
20	128	1867
20	128	1496
20	128	2002
20	128	1878
20	128	1677
20	128	2079
20	128	1593
21	248	1518
21	248	1971
21	248	1554
21	248	1724
21	248	1637
21	248	1634
21	248	1689
21	248	1566
21	248	1699
21	248	1909
21	256	1827
21	256	1715
21	256	1597
21	256	2033
21	256	1882
21	256	1672
21	256	1673
21	256	1905
21	256	1909
21	256	1970
21	264	1643
21	264	1897
21	264	1751
21	264	1869
21	264	1823
21	264	1673
21	264	2088
21	264	1957
21	264	2011
21	264	1781
21	272	1873
21	272	1732
21	272	1822
21	272	1484
21	272	1965
21	272	1749
21	272	2027
21	272	1732
21	272	1569
21	272	1797
22	24	2362
36	24	2100
50	24	2408
29	24	2378
43	24	2330
43	32	2672
29	32	2131
50	32	2207
36	32	2687
22	32	2330
50	40	2417
29	40	2355
43	40	2448
36	40	2426
22	40	2208
36	48	2633
50	48	2334
29	48	2739
43	48	2589
22	48	2489
57	56	2763
71	56	2280
78	56	2300
92	56	2689
85	56	2750
64	56	2493
64	64	2387
65	64	2483
63	64	2305
62	64	2695
74	64	2529
75	64	2285
76	64	2219
86	64	2748
71	64	2131
84	64	2738
61	64	2269
85	64	2755
72	64	2529
60	64	2178
87	64	2615
73	64	2297
83	64	2118
94	64	2607
82	64	2174
97	64	2194
93	64	2103
59	64	2155
98	64	2746
70	64	2361
58	64	2607
95	64	2628
81	64	2547
69	64	2314
96	64	2746
68	64	2468
79	64	2229
56	64	2619
67	64	2500
91	64	2748
90	64	2763
80	64	2703
92	64	2618
57	64	2701
78	64	2440
66	64	2264
55	64	2181
88	64	2353
89	64	2511
77	64	2343
71	72	2236
57	72	2476
85	72	2674
64	72	2228
92	72	2778
78	72	2457
92	80	2779
78	80	2286
71	80	2282
57	80	2565
85	80	2344
64	80	2207
78	88	2547
92	88	2544
71	88	2583
57	88	2707
85	88	2719
64	88	2537
85	96	2392
71	96	2609
92	96	2398
64	96	2117
57	96	2325
78	96	2345
106	104	2192
127	104	2537
113	104	2624
120	104	2683
99	104	2589
113	112	2688
99	112	2281
127	112	2523
106	112	2377
120	112	2754
108	120	2391
120	120	2184
109	120	2230
119	120	2399
118	120	2214
131	120	2425
130	120	2642
105	120	2292
129	120	2472
127	120	2630
107	120	2445
106	120	2377
116	120	2692
128	120	2600
117	120	2464
104	120	2112
103	120	2300
115	120	2558
114	120	2636
125	120	2720
126	120	2137
123	120	2402
124	120	2487
112	120	2195
101	120	2554
102	120	2703
113	120	2470
99	120	2664
121	120	2115
111	120	2660
100	120	2613
110	120	2633
122	120	2271
127	128	2769
120	128	2339
113	128	2502
106	128	2664
99	128	2499
134	136	2665
148	136	2232
155	136	2504
162	136	2149
141	136	2529
155	144	2373
134	144	2492
148	144	2295
141	144	2386
162	144	2367
141	152	2173
162	152	2313
148	152	2490
134	152	2696
155	152	2175
162	160	2598
148	160	2738
141	160	2572
134	160	2430
155	160	2628
169	168	2727
176	168	2668
190	168	2534
183	168	2153
197	168	2601
166	176	2201
177	176	2779
176	176	2631
187	176	2708
165	176	2228
178	176	2183
188	176	2523
167	176	2126
191	176	2208
189	176	2523
190	176	2693
169	176	2164
179	176	2568
180	176	2474
168	176	2595
193	176	2705
171	176	2106
170	176	2605
182	176	2198
192	176	2481
181	176	2712
173	176	2126
194	176	2313
172	176	2770
184	176	2414
195	176	2501
183	176	2488
174	176	2777
186	176	2473
196	176	2419
197	176	2248
185	176	2720
175	176	2599
183	184	2696
169	184	2466
197	184	2570
190	184	2601
176	184	2272
190	192	2714
169	192	2634
183	192	2740
176	192	2661
197	192	2557
211	200	2611
225	200	2145
204	200	2560
232	200	2749
239	200	2115
218	200	2659
218	208	2657
204	208	2246
239	208	2117
225	208	2409
211	208	2488
232	208	2446
204	216	2658
218	216	2623
239	216	2200
225	216	2481
211	216	2716
232	216	2416
225	224	2258
204	224	2171
211	224	2254
232	224	2599
239	224	2210
218	224	2665
231	232	2368
222	232	2364
232	232	2229
234	232	2313
220	232	2480
233	232	2427
221	232	2354
236	232	2472
225	232	2729
212	232	2530
224	232	2651
209	232	2693
211	232	2341
210	232	2420
235	232	2357
223	232	2732
213	232	2186
226	232	2227
198	232	2493
215	232	2193
214	232	2142
238	232	2260
237	232	2548
227	232	2109
199	232	2213
203	232	2108
202	232	2447
201	232	2342
200	232	2510
217	232	2139
204	232	2121
218	232	2531
239	232	2173
240	232	2520
228	232	2703
216	232	2265
205	232	2503
229	232	2259
206	232	2660
241	232	2615
219	232	2764
207	232	2630
230	232	2619
208	232	2585
239	240	2654
225	240	2103
218	240	2409
204	240	2261
211	240	2346
232	240	2545
246	248	2132
260	248	2547
267	248	2367
274	248	2261
253	248	2442
246	256	2531
267	256	2603
260	256	2770
253	256	2785
274	256	2181
253	264	2519
267	264	2559
246	264	2125
260	264	2615
274	264	2650
260	272	2646
274	272	2680
246	272	2729
267	272	2436
253	272	2454
281	280	2104
288	280	2661
295	280	2386
277	288	2333
289	288	2572
290	288	2315
276	288	2346
299	288	2653
300	288	2148
298	288	2445
286	288	2440
287	288	2405
278	288	2670
288	288	2620
281	288	2137
301	288	2272
291	288	2496
302	288	2217
297	288	2686
292	288	2136
275	288	2587
280	288	2513
279	288	2612
303	288	2391
305	288	2715
294	288	2369
304	288	2261
282	288	2208
293	288	2274
283	288	2266
284	288	2338
285	288	2759
296	288	2785
295	288	2502
306	288	2128
307	288	2765
295	296	2451
281	296	2371
288	296	2278
281	304	2549
295	304	2243
288	304	2685
309	104	2788
309	104	2787
309	104	2788
309	104	2790
309	104	2789
309	104	2786
309	104	2791
309	104	2794
309	104	2798
309	104	2794
309	104	2787
310	104	2790
310	104	2791
310	104	2798
310	104	2796
310	104	2788
310	104	2798
310	104	2792
310	104	2788
310	104	2790
310	104	2796
310	104	2791
308	104	2788
308	104	2798
308	104	2796
308	104	2797
308	104	2786
308	104	2794
308	104	2797
308	104	2789
308	104	2792
308	104	2796
308	104	2794
308	112	2789
308	112	2790
308	112	2798
308	112	2787
308	112	2788
308	112	2796
308	112	2788
308	112	2794
308	112	2791
308	112	2792
308	112	2786
309	112	2788
309	112	2790
309	112	2793
309	112	2794
309	112	2788
309	112	2798
309	112	2786
309	112	2792
309	112	2792
309	112	2792
309	112	2790
310	112	2794
310	112	2794
310	112	2791
310	112	2797
310	112	2792
310	112	2797
310	112	2797
310	112	2795
310	112	2795
310	112	2789
310	112	2794
310	120	2797
310	120	2787
310	120	2795
310	120	2797
310	120	2798
310	120	2795
310	120	2798
310	120	2792
310	120	2791
310	120	2791
310	120	2787
309	120	2797
309	120	2790
309	120	2786
309	120	2788
309	120	2789
309	120	2798
309	120	2793
309	120	2792
309	120	2790
309	120	2796
309	120	2788
308	120	2787
308	120	2787
308	120	2786
308	120	2797
308	120	2786
308	120	2797
308	120	2797
308	120	2789
308	120	2794
308	120	2788
308	120	2793
310	128	2798
310	128	2788
310	128	2791
310	128	2791
310	128	2786
310	128	2789
310	128	2794
310	128	2791
310	128	2795
310	128	2787
310	128	2788
309	128	2797
309	128	2790
309	128	2790
309	128	2787
309	128	2788
309	128	2798
309	128	2786
309	128	2786
309	128	2790
309	128	2790
309	128	2798
308	128	2794
308	128	2794
308	128	2796
308	128	2797
308	128	2792
308	128	2789
308	128	2797
308	128	2795
308	128	2786
308	128	2791
308	128	2794
312	248	2787
312	248	2791
312	248	2792
312	248	2792
312	248	2792
312	248	2790
312	248	2795
312	248	2798
312	248	2798
312	248	2796
312	248	2793
313	248	2792
313	248	2797
313	248	2789
313	248	2791
313	248	2796
313	248	2796
313	248	2789
313	248	2797
313	248	2796
313	248	2794
313	248	2792
311	248	2796
311	248	2792
311	248	2793
311	248	2791
311	248	2795
311	248	2791
311	248	2791
311	248	2786
311	248	2788
311	248	2792
311	248	2787
311	256	2789
311	256	2793
311	256	2789
311	256	2788
311	256	2793
311	256	2786
311	256	2789
311	256	2796
311	256	2791
311	256	2793
311	256	2793
312	256	2789
312	256	2796
312	256	2796
312	256	2789
312	256	2797
312	256	2796
312	256	2793
312	256	2789
312	256	2798
312	256	2787
312	256	2791
313	256	2791
313	256	2789
313	256	2788
313	256	2792
313	256	2789
313	256	2794
313	256	2792
313	256	2794
313	256	2794
313	256	2797
313	256	2786
311	264	2786
311	264	2796
311	264	2786
311	264	2789
311	264	2796
311	264	2787
311	264	2794
311	264	2789
311	264	2791
311	264	2793
311	264	2792
312	264	2786
312	264	2794
312	264	2787
312	264	2796
312	264	2792
312	264	2796
312	264	2791
312	264	2786
312	264	2794
312	264	2786
312	264	2790
313	264	2787
313	264	2789
313	264	2789
313	264	2798
313	264	2796
313	264	2789
313	264	2786
313	264	2787
313	264	2787
313	264	2798
313	264	2795
313	272	2786
313	272	2796
313	272	2795
313	272	2787
313	272	2797
313	272	2794
313	272	2787
313	272	2789
313	272	2796
313	272	2790
313	272	2793
312	272	2795
312	272	2793
312	272	2794
312	272	2793
312	272	2793
312	272	2797
312	272	2796
312	272	2789
312	272	2797
312	272	2791
312	272	2787
311	272	2797
311	272	2797
311	272	2786
311	272	2797
311	272	2788
311	272	2792
311	272	2797
311	272	2792
311	272	2789
311	272	2789
311	272	2794
314	168	3108
314	168	3019
314	168	3024
314	168	3076
314	168	2826
314	168	2939
314	176	2900
314	176	2958
314	176	2952
314	176	2927
314	176	3140
314	176	2961
314	184	3077
314	184	2921
314	184	2974
314	184	3038
314	184	2976
314	184	2966
314	192	2844
314	192	2814
314	192	2902
314	192	2843
314	192	2864
314	192	3011
350	64	3459
350	64	3322
339	64	3196
339	64	3427
356	64	3493
356	64	3493
347	64	3191
347	64	3441
352	64	3208
352	64	3196
354	64	3401
354	64	3250
351	64	3412
351	64	3203
355	64	3357
355	64	3340
359	64	3281
359	64	3538
346	64	3423
346	64	3460
360	64	3461
360	64	3336
361	64	3341
361	64	3204
349	64	3378
349	64	3177
348	64	3368
348	64	3181
341	64	3497
341	64	3385
340	64	3208
340	64	3532
345	64	3236
345	64	3387
353	64	3374
353	64	3380
358	64	3253
358	64	3520
362	64	3541
362	64	3542
357	64	3239
357	64	3430
343	64	3538
343	64	3277
344	64	3380
344	64	3389
342	64	3384
342	64	3256
381	120	3288
381	120	3234
376	120	3251
376	120	3332
372	120	3343
372	120	3442
373	120	3230
373	120	3192
383	120	3326
383	120	3541
378	120	3413
378	120	3190
380	120	3191
380	120	3319
384	120	3435
384	120	3367
385	120	3379
385	120	3421
374	120	3196
374	120	3523
382	120	3496
382	120	3277
371	120	3325
371	120	3215
365	120	3279
365	120	3458
386	120	3413
386	120	3232
379	120	3429
379	120	3537
363	120	3196
363	120	3456
367	120	3474
367	120	3534
366	120	3371
366	120	3233
375	120	3356
375	120	3334
370	120	3297
370	120	3296
369	120	3485
369	120	3348
364	120	3200
364	120	3379
368	120	3196
368	120	3407
377	120	3340
377	120	3308
423	176	3277
423	176	3548
429	176	3516
429	176	3379
421	176	3245
421	176	3390
411	176	3271
411	176	3430
417	176	3281
417	176	3551
416	176	3376
416	176	3333
431	176	3375
431	176	3539
415	176	3341
415	176	3551
425	176	3251
425	176	3226
422	176	3512
422	176	3287
413	176	3192
413	176	3490
434	176	3423
434	176	3513
427	176	3543
427	176	3229
430	176	3201
430	176	3467
432	176	3538
432	176	3447
424	176	3542
424	176	3529
428	176	3285
428	176	3203
426	176	3519
426	176	3489
412	176	3496
412	176	3479
414	176	3410
414	176	3489
420	176	3502
420	176	3417
418	176	3306
418	176	3437
433	176	3534
433	176	3237
419	176	3253
419	176	3235
445	232	3375
445	232	3226
437	232	3217
437	232	3540
443	232	3299
443	232	3424
457	232	3279
457	232	3221
444	232	3492
444	232	3538
448	232	3283
448	232	3183
440	232	3223
440	232	3268
450	232	3409
450	232	3303
438	232	3446
438	232	3387
447	232	3271
447	232	3279
441	232	3450
441	232	3498
452	232	3453
452	232	3508
436	232	3226
436	232	3428
455	232	3443
455	232	3191
453	232	3540
453	232	3314
456	232	3515
456	232	3407
458	232	3430
458	232	3531
439	232	3486
439	232	3484
442	232	3342
442	232	3229
454	232	3397
454	232	3179
449	232	3516
449	232	3483
435	232	3535
435	232	3387
446	232	3315
446	232	3281
451	232	3408
451	232	3531
503	288	3546
503	288	3457
502	288	3431
502	288	3494
483	288	3258
483	288	3479
485	288	3325
485	288	3291
493	288	3338
493	288	3282
501	288	3195
501	288	3481
486	288	3205
486	288	3458
505	288	3279
505	288	3494
484	288	3394
484	288	3314
504	288	3457
504	288	3261
490	288	3281
490	288	3328
487	288	3180
487	288	3393
496	288	3484
496	288	3468
495	288	3331
495	288	3376
491	288	3374
491	288	3183
489	288	3389
489	288	3370
498	288	3394
498	288	3495
488	288	3461
488	288	3464
494	288	3341
494	288	3339
499	288	3319
499	288	3291
506	288	3352
506	288	3310
500	288	3181
500	288	3384
492	288	3292
492	288	3465
497	288	3235
497	288	3380
5	312	16
5	312	18
5	312	18
5	312	15
5	312	17
5	312	16
5	312	15
5	312	18
6	312	16
6	312	16
6	312	16
6	312	18
6	312	18
6	312	17
6	312	16
6	312	18
21	312	60
21	312	66
21	312	68
21	312	56
21	312	63
21	312	58
21	312	58
21	312	56
21	312	71
21	312	59
260	312	97
260	312	86
260	312	83
256	312	81
256	312	86
256	312	80
257	312	83
257	312	96
257	312	89
271	312	80
271	312	87
271	312	78
247	312	93
247	312	92
247	312	87
269	312	81
269	312	76
269	312	83
259	312	87
259	312	80
259	312	74
268	312	80
268	312	77
268	312	84
258	312	95
258	312	91
258	312	93
270	312	77
270	312	76
270	312	86
250	312	91
250	312	74
250	312	92
262	312	86
262	312	85
262	312	95
244	312	77
244	312	96
244	312	80
255	312	77
255	312	88
255	312	79
249	312	91
249	312	90
249	312	86
267	312	96
267	312	79
267	312	97
245	312	87
245	312	78
245	312	92
265	312	96
265	312	95
265	312	97
248	312	92
248	312	90
248	312	78
272	312	95
272	312	80
272	312	77
246	312	92
246	312	81
246	312	85
273	312	91
273	312	76
273	312	77
261	312	77
261	312	92
261	312	76
254	312	95
254	312	77
254	312	77
266	312	84
266	312	97
266	312	97
252	312	86
252	312	78
252	312	93
274	312	81
274	312	84
274	312	95
253	312	78
253	312	77
253	312	93
264	312	80
264	312	96
264	312	96
242	312	80
242	312	93
242	312	77
243	312	87
243	312	81
243	312	87
251	312	91
251	312	74
251	312	92
263	312	75
263	312	88
263	312	84
312	312	98
313	312	98
311	312	98
466	312	121
466	312	121
475	312	114
475	312	128
481	312	124
481	312	114
482	312	123
482	312	128
470	312	121
470	312	115
476	312	124
476	312	120
473	312	125
473	312	117
463	312	115
463	312	115
459	312	124
459	312	120
462	312	123
462	312	124
464	312	115
464	312	128
469	312	114
469	312	124
479	312	119
479	312	118
472	312	124
472	312	116
478	312	122
478	312	114
461	312	122
461	312	122
460	312	114
460	312	114
474	312	114
474	312	123
465	312	119
465	312	117
477	312	124
477	312	119
480	312	118
480	312	117
468	312	124
468	312	125
467	312	121
467	312	121
471	312	117
471	312	116
