cell	x	y	z	host
0	2000.000000	500.000000	125.000000	0
4	1000.000000	750.000000	125.000000	0
8	666.500000	499.500000	125.000000	0
12	1999.500000	832.500000	125.000000	0
16	1000.000000	250.000000	400.000000	0
20	1000.000000	500.000000	50.000000	0
24	68.500000	225.000000	125.000000	0
28	68.500000	585.000000	125.000000	0
32	68.500000	945.000000	125.000000	0
36	205.500000	315.000000	125.000000	0
40	205.500000	675.000000	125.000000	0
44	342.500000	45.000000	125.000000	0
48	342.500000	405.000000	125.000000	0
52	342.500000	765.000000	125.000000	0
56	479.500000	135.000000	125.000000	0
60	479.500000	495.000000	125.000000	0
64	479.500000	855.000000	125.000000	0
68	616.500000	225.000000	125.000000	0
72	616.500000	585.000000	125.000000	0
76	616.500000	945.000000	125.000000	0
80	753.500000	315.000000	125.000000	0
84	753.500000	675.000000	125.000000	0
88	890.500000	45.000000	125.000000	0
92	890.500000	405.000000	125.000000	0
96	890.500000	765.000000	125.000000	0
100	1027.500000	135.000000	125.000000	0
104	1027.500000	495.000000	125.000000	0
108	1027.500000	855.000000	125.000000	0
112	1164.500000	225.000000	125.000000	0
116	1164.500000	585.000000	125.000000	0
120	1164.500000	945.000000	125.000000	0
124	1301.500000	315.000000	125.000000	0
128	1301.500000	675.000000	125.000000	0
132	1438.500000	45.000000	125.000000	0
136	1438.500000	405.000000	125.000000	0
140	1438.500000	765.000000	125.000000	0
144	1575.500000	135.000000	125.000000	0
148	1575.500000	495.000000	125.000000	0
152	1575.500000	855.000000	125.000000	0
156	1712.500000	225.000000	125.000000	0
160	1712.500000	585.000000	125.000000	0
164	1712.500000	945.000000	125.000000	0
168	1849.500000	315.000000	125.000000	0
172	1849.500000	675.000000	125.000000	0
176	1986.500000	45.000000	125.000000	0
180	1986.500000	405.000000	125.000000	0
184	1986.500000	765.000000	125.000000	0
188	2123.500000	135.000000	125.000000	0
192	2123.500000	495.000000	125.000000	0
196	2123.500000	855.000000	125.000000	0
200	2260.500000	225.000000	125.000000	0
204	2260.500000	585.000000	125.000000	0
208	2260.500000	945.000000	125.000000	0
212	2397.500000	315.000000	125.000000	0
216	2397.500000	675.000000	125.000000	0
220	2534.500000	45.000000	125.000000	0
224	2534.500000	405.000000	125.000000	0
228	2534.500000	765.000000	125.000000	0
232	2671.500000	135.000000	125.000000	0
236	2671.500000	495.000000	125.000000	0
240	2671.500000	855.000000	125.000000	0
244	2808.500000	225.000000	125.000000	0
248	2808.500000	585.000000	125.000000	0
252	2808.500000	945.000000	125.000000	0
256	2945.500000	315.000000	125.000000	0
260	2945.500000	675.000000	125.000000	0
264	3082.500000	45.000000	125.000000	0
268	3082.500000	405.000000	125.000000	0
272	3082.500000	765.000000	125.000000	0
276	3219.500000	135.000000	125.000000	0
280	3219.500000	495.000000	125.000000	0
284	3219.500000	855.000000	125.000000	0
288	3356.500000	225.000000	125.000000	0
292	3356.500000	585.000000	125.000000	0
296	3356.500000	945.000000	125.000000	0
300	3493.500000	315.000000	125.000000	0
304	3493.500000	675.000000	125.000000	0
308	3630.500000	45.000000	125.000000	0
312	3630.500000	405.000000	125.000000	0
316	3630.500000	765.000000	125.000000	0
320	3767.500000	135.000000	125.000000	0
324	3767.500000	495.000000	125.000000	0
328	3767.500000	855.000000	125.000000	0
332	3904.500000	225.000000	125.000000	0
336	1000.000000	832.500000	125.000000	0
340	2000.000000	500.000000	250.000000	0
344	57.000000	581.000000	250.000000	0
348	171.000000	249.000000	250.000000	0
352	171.000000	913.000000	250.000000	0
356	285.000000	581.000000	250.000000	0
360	399.000000	249.000000	250.000000	0
364	399.000000	913.000000	250.000000	0
368	513.000000	581.000000	250.000000	0
372	627.000000	249.000000	250.000000	0
376	627.000000	913.000000	250.000000	0
380	741.000000	581.000000	250.000000	0
384	855.000000	249.000000	250.000000	0
388	855.000000	913.000000	250.000000	0
392	969.000000	581.000000	250.000000	0
396	1083.000000	249.000000	250.000000	0
400	1083.000000	913.000000	250.000000	0
404	1197.000000	581.000000	250.000000	0
408	1311.000000	249.000000	250.000000	0
412	1311.000000	913.000000	250.000000	0
416	1425.000000	581.000000	250.000000	0
420	1539.000000	249.000000	250.000000	0
424	1539.000000	913.000000	250.000000	0
428	1653.000000	581.000000	250.000000	0
432	1767.000000	249.000000	250.000000	0
436	1767.000000	913.000000	250.000000	0
440	1881.000000	581.000000	250.000000	0
444	1995.000000	249.000000	250.000000	0
448	1995.000000	913.000000	250.000000	0
452	2109.000000	581.000000	250.000000	0
456	2223.000000	249.000000	250.000000	0
460	2223.000000	913.000000	250.000000	0
464	2337.000000	581.000000	250.000000	0
468	2451.000000	249.000000	250.000000	0
472	2451.000000	913.000000	250.000000	0
476	2565.000000	581.000000	250.000000	0
480	2679.000000	249.000000	250.000000	0
484	2679.000000	913.000000	250.000000	0
488	2793.000000	581.000000	250.000000	0
492	2907.000000	249.000000	250.000000	0
496	2907.000000	913.000000	250.000000	0
500	3021.000000	581.000000	250.000000	0
504	3135.000000	249.000000	250.000000	0
508	3135.000000	913.000000	250.000000	0
512	3249.000000	581.000000	250.000000	0
516	3363.000000	249.000000	250.000000	0
520	3363.000000	913.000000	250.000000	0
524	3477.000000	581.000000	250.000000	0
528	3591.000000	249.000000	250.000000	0
532	3591.000000	913.000000	250.000000	0
536	3705.000000	581.000000	250.000000	0
540	3819.000000	249.000000	250.000000	0
544	3819.000000	913.000000	250.000000	0
548	62.500000	312.500000	400.000000	0
552	62.500000	812.500000	400.000000	0
556	187.500000	312.500000	400.000000	0
560	187.500000	812.500000	400.000000	0
564	312.500000	312.500000	400.000000	0
568	312.500000	812.500000	400.000000	0
572	437.500000	312.500000	400.000000	0
576	437.500000	812.500000	400.000000	0
580	562.500000	312.500000	400.000000	0
584	562.500000	812.500000	400.000000	0
588	687.500000	312.500000	400.000000	0
592	687.500000	812.500000	400.000000	0
596	812.500000	312.500000	400.000000	0
600	812.500000	812.500000	400.000000	0
604	937.500000	312.500000	400.000000	0
608	937.500000	812.500000	400.000000	0
612	1062.500000	312.500000	400.000000	0
616	1062.500000	812.500000	400.000000	0
620	1187.500000	312.500000	400.000000	0
624	1187.500000	812.500000	400.000000	0
628	1312.500000	312.500000	400.000000	0
632	1312.500000	812.500000	400.000000	0
636	1437.500000	312.500000	400.000000	0
640	1437.500000	812.500000	400.000000	0
644	1562.500000	312.500000	400.000000	0
648	1562.500000	812.500000	400.000000	0
652	1687.500000	312.500000	400.000000	0
656	1687.500000	812.500000	400.000000	0
660	1812.500000	312.500000	400.000000	0
664	1812.500000	812.500000	400.000000	0
668	1937.500000	312.500000	400.000000	0
672	1937.500000	812.500000	400.000000	0
676	2062.500000	312.500000	400.000000	0
680	2062.500000	812.500000	400.000000	0
684	2187.500000	312.500000	400.000000	0
688	2187.500000	812.500000	400.000000	0
692	2312.500000	312.500000	400.000000	0
696	2312.500000	812.500000	400.000000	0
700	2437.500000	312.500000	400.000000	0
704	2437.500000	812.500000	400.000000	0
708	2562.500000	312.500000	400.000000	0
712	2562.500000	812.500000	400.000000	0
716	2687.500000	312.500000	400.000000	0
720	2687.500000	812.500000	400.000000	0
724	2812.500000	312.500000	400.000000	0
728	2812.500000	812.500000	400.000000	0
732	2937.500000	312.500000	400.000000	0
736	2937.500000	812.500000	400.000000	0
740	3062.500000	312.500000	400.000000	0
744	3062.500000	812.500000	400.000000	0
748	3187.500000	312.500000	400.000000	0
752	3187.500000	812.500000	400.000000	0
756	3312.500000	312.500000	400.000000	0
760	3312.500000	812.500000	400.000000	0
764	3437.500000	312.500000	400.000000	0
768	3437.500000	812.500000	400.000000	0
772	3562.500000	312.500000	400.000000	0
776	3562.500000	812.500000	400.000000	0
780	3687.500000	312.500000	400.000000	0
784	3687.500000	812.500000	400.000000	0
788	3812.500000	312.500000	400.000000	0
792	3812.500000	812.500000	400.000000	0
1	2000.000000	250.000000	125.000000	1
5	3000.000000	250.000000	125.000000	1
9	666.500000	832.500000	125.000000	1
13	3332.500000	166.500000	125.000000	1
17	1000.000000	750.000000	400.000000	1
21	3000.000000	500.000000	50.000000	1
25	68.500000	315.000000	125.000000	1
29	68.500000	675.000000	125.000000	1
33	205.500000	45.000000	125.000000	1
37	205.500000	405.000000	125.000000	1
41	205.500000	765.000000	125.000000	1
45	342.500000	135.000000	125.000000	1
49	342.500000	495.000000	125.000000	1
53	342.500000	855.000000	125.000000	1
57	479.500000	225.000000	125.000000	1
61	479.500000	585.000000	125.000000	1
65	479.500000	945.000000	125.000000	1
69	616.500000	315.000000	125.000000	1
73	616.500000	675.000000	125.000000	1
77	753.500000	45.000000	125.000000	1
81	753.500000	405.000000	125.000000	1
85	753.500000	765.000000	125.000000	1
89	890.500000	135.000000	125.000000	1
93	890.500000	495.000000	125.000000	1
97	890.500000	855.000000	125.000000	1
101	1027.500000	225.000000	125.000000	1
105	1027.500000	585.000000	125.000000	1
109	1027.500000	945.000000	125.000000	1
113	1164.500000	315.000000	125.000000	1
117	1164.500000	675.000000	125.000000	1
121	1301.500000	45.000000	125.000000	1
125	1301.500000	405.000000	125.000000	1
129	1301.500000	765.000000	125.000000	1
133	1438.500000	135.000000	125.000000	1
137	1438.500000	495.000000	125.000000	1
141	1438.500000	855.000000	125.000000	1
145	1575.500000	225.000000	125.000000	1
149	1575.500000	585.000000	125.000000	1
153	1575.500000	945.000000	125.000000	1
157	1712.500000	315.000000	125.000000	1
161	1712.500000	675.000000	125.000000	1
165	1849.500000	45.000000	125.000000	1
169	1849.500000	405.000000	125.000000	1
173	1849.500000	765.000000	125.000000	1
177	1986.500000	135.000000	125.000000	1
181	1986.500000	495.000000	125.000000	1
185	1986.500000	855.000000	125.000000	1
189	2123.500000	225.000000	125.000000	1
193	2123.500000	585.000000	125.000000	1
197	2123.500000	945.000000	125.000000	1
201	2260.500000	315.000000	125.000000	1
205	2260.500000	675.000000	125.000000	1
209	2397.500000	45.000000	125.000000	1
213	2397.500000	405.000000	125.000000	1
217	2397.500000	765.000000	125.000000	1
221	2534.500000	135.000000	125.000000	1
225	2534.500000	495.000000	125.000000	1
229	2534.500000	855.000000	125.000000	1
233	2671.500000	225.000000	125.000000	1
237	2671.500000	585.000000	125.000000	1
241	2671.500000	945.000000	125.000000	1
245	2808.500000	315.000000	125.000000	1
249	2808.500000	675.000000	125.000000	1
253	2945.500000	45.000000	125.000000	1
257	2945.500000	405.000000	125.000000	1
261	2945.500000	765.000000	125.000000	1
265	3082.500000	135.000000	125.000000	1
269	3082.500000	495.000000	125.000000	1
273	3082.500000	855.000000	125.000000	1
277	3219.500000	225.000000	125.000000	1
281	3219.500000	585.000000	125.000000	1
285	3219.500000	945.000000	125.000000	1
289	3356.500000	315.000000	125.000000	1
293	3356.500000	675.000000	125.000000	1
297	3493.500000	45.000000	125.000000	1
301	3493.500000	405.000000	125.000000	1
305	3493.500000	765.000000	125.000000	1
309	3630.500000	135.000000	125.000000	1
313	3630.500000	495.000000	125.000000	1
317	3630.500000	855.000000	125.000000	1
321	3767.500000	225.000000	125.000000	1
325	3767.500000	585.000000	125.000000	1
329	3767.500000	945.000000	125.000000	1
333	3904.500000	315.000000	125.000000	1
337	3000.000000	166.500000	125.000000	1
341	57.000000	83.000000	250.000000	1
345	57.000000	747.000000	250.000000	1
349	171.000000	415.000000	250.000000	1
353	285.000000	83.000000	250.000000	1
357	285.000000	747.000000	250.000000	1
361	399.000000	415.000000	250.000000	1
365	513.000000	83.000000	250.000000	1
369	513.000000	747.000000	250.000000	1
373	627.000000	415.000000	250.000000	1
377	741.000000	83.000000	250.000000	1
381	741.000000	747.000000	250.000000	1
385	855.000000	415.000000	250.000000	1
389	969.000000	83.000000	250.000000	1
393	969.000000	747.000000	250.000000	1
397	1083.000000	415.000000	250.000000	1
401	1197.000000	83.000000	250.000000	1
405	1197.000000	747.000000	250.000000	1
409	1311.000000	415.000000	250.000000	1
413	1425.000000	83.000000	250.000000	1
417	1425.000000	747.000000	250.000000	1
421	1539.000000	415.000000	250.000000	1
425	1653.000000	83.000000	250.000000	1
429	1653.000000	747.000000	250.000000	1
433	1767.000000	415.000000	250.000000	1
437	1881.000000	83.000000	250.000000	1
441	1881.000000	747.000000	250.000000	1
445	1995.000000	415.000000	250.000000	1
449	2109.000000	83.000000	250.000000	1
453	2109.000000	747.000000	250.000000	1
457	2223.000000	415.000000	250.000000	1
461	2337.000000	83.000000	250.000000	1
465	2337.000000	747.000000	250.000000	1
469	2451.000000	415.000000	250.000000	1
473	2565.000000	83.000000	250.000000	1
477	2565.000000	747.000000	250.000000	1
481	2679.000000	415.000000	250.000000	1
485	2793.000000	83.000000	250.000000	1
489	2793.000000	747.000000	250.000000	1
493	2907.000000	415.000000	250.000000	1
497	3021.000000	83.000000	250.000000	1
501	3021.000000	747.000000	250.000000	1
505	3135.000000	415.000000	250.000000	1
509	3249.000000	83.000000	250.000000	1
513	3249.000000	747.000000	250.000000	1
517	3363.000000	415.000000	250.000000	1
521	3477.000000	83.000000	250.000000	1
525	3477.000000	747.000000	250.000000	1
529	3591.000000	415.000000	250.000000	1
533	3705.000000	83.000000	250.000000	1
537	3705.000000	747.000000	250.000000	1
541	3819.000000	415.000000	250.000000	1
545	3933.000000	83.000000	250.000000	1
549	62.500000	437.500000	400.000000	1
553	62.500000	937.500000	400.000000	1
557	187.500000	437.500000	400.000000	1
561	187.500000	937.500000	400.000000	1
565	312.500000	437.500000	400.000000	1
569	312.500000	937.500000	400.000000	1
573	437.500000	437.500000	400.000000	1
577	437.500000	937.500000	400.000000	1
581	562.500000	437.500000	400.000000	1
585	562.500000	937.500000	400.000000	1
589	687.500000	437.500000	400.000000	1
593	687.500000	937.500000	400.000000	1
597	812.500000	437.500000	400.000000	1
601	812.500000	937.500000	400.000000	1
605	937.500000	437.500000	400.000000	1
609	937.500000	937.500000	400.000000	1
613	1062.500000	437.500000	400.000000	1
617	1062.500000	937.500000	400.000000	1
621	1187.500000	437.500000	400.000000	1
625	1187.500000	937.500000	400.000000	1
629	1312.500000	437.500000	400.000000	1
633	1312.500000	937.500000	400.000000	1
637	1437.500000	437.500000	400.000000	1
641	1437.500000	937.500000	400.000000	1
645	1562.500000	437.500000	400.000000	1
649	1562.500000	937.500000	400.000000	1
653	1687.500000	437.500000	400.000000	1
657	1687.500000	937.500000	400.000000	1
661	1812.500000	437.500000	400.000000	1
665	1812.500000	937.500000	400.000000	1
669	1937.500000	437.500000	400.000000	1
673	1937.500000	937.500000	400.000000	1
677	2062.500000	437.500000	400.000000	1
681	2062.500000	937.500000	400.000000	1
685	2187.500000	437.500000	400.000000	1
689	2187.500000	937.500000	400.000000	1
693	2312.500000	437.500000	400.000000	1
697	2312.500000	937.500000	400.000000	1
701	2437.500000	437.500000	400.000000	1
705	2437.500000	937.500000	400.000000	1
709	2562.500000	437.500000	400.000000	1
713	2562.500000	937.500000	400.000000	1
717	2687.500000	437.500000	400.000000	1
721	2687.500000	937.500000	400.000000	1
725	2812.500000	437.500000	400.000000	1
729	2812.500000	937.500000	400.000000	1
733	2937.500000	437.500000	400.000000	1
737	2937.500000	937.500000	400.000000	1
741	3062.500000	437.500000	400.000000	1
745	3062.500000	937.500000	400.000000	1
749	3187.500000	437.500000	400.000000	1
753	3187.500000	937.500000	400.000000	1
757	3312.500000	437.500000	400.000000	1
761	3312.500000	937.500000	400.000000	1
765	3437.500000	437.500000	400.000000	1
769	3437.500000	937.500000	400.000000	1
773	3562.500000	437.500000	400.000000	1
777	3562.500000	937.500000	400.000000	1
781	3687.500000	437.500000	400.000000	1
785	3687.500000	937.500000	400.000000	1
789	3812.500000	437.500000	400.000000	1
793	3812.500000	937.500000	400.000000	1
2	2000.000000	750.000000	125.000000	2
6	3000.000000	750.000000	125.000000	2
10	1999.500000	166.500000	125.000000	2
14	3332.500000	499.500000	125.000000	2
18	3000.000000	250.000000	400.000000	2
22	68.500000	45.000000	125.000000	2
26	68.500000	405.000000	125.000000	2
30	68.500000	765.000000	125.000000	2
34	205.500000	135.000000	125.000000	2
38	205.500000	495.000000	125.000000	2
42	205.500000	855.000000	125.000000	2
46	342.500000	225.000000	125.000000	2
50	342.500000	585.000000	125.000000	2
54	342.500000	945.000000	125.000000	2
58	479.500000	315.000000	125.000000	2
62	479.500000	675.000000	125.000000	2
66	616.500000	45.000000	125.000000	2
70	616.500000	405.000000	125.000000	2
74	616.500000	765.000000	125.000000	2
78	753.500000	135.000000	125.000000	2
82	753.500000	495.000000	125.000000	2
86	753.500000	855.000000	125.000000	2
90	890.500000	225.000000	125.000000	2
94	890.500000	585.000000	125.000000	2
98	890.500000	945.000000	125.000000	2
102	1027.500000	315.000000	125.000000	2
106	1027.500000	675.000000	125.000000	2
110	1164.500000	45.000000	125.000000	2
114	1164.500000	405.000000	125.000000	2
118	1164.500000	765.000000	125.000000	2
122	1301.500000	135.000000	125.000000	2
126	1301.500000	495.000000	125.000000	2
130	1301.500000	855.000000	125.000000	2
134	1438.500000	225.000000	125.000000	2
138	1438.500000	585.000000	125.000000	2
142	1438.500000	945.000000	125.000000	2
146	1575.500000	315.000000	125.000000	2
150	1575.500000	675.000000	125.000000	2
154	1712.500000	45.000000	125.000000	2
158	1712.500000	405.000000	125.000000	2
162	1712.500000	765.000000	125.000000	2
166	1849.500000	135.000000	125.000000	2
170	1849.500000	495.000000	125.000000	2
174	1849.500000	855.000000	125.000000	2
178	1986.500000	225.000000	125.000000	2
182	1986.500000	585.000000	125.000000	2
186	1986.500000	945.000000	125.000000	2
190	2123.500000	315.000000	125.000000	2
194	2123.500000	675.000000	125.000000	2
198	2260.500000	45.000000	125.000000	2
202	2260.500000	405.000000	125.000000	2
206	2260.500000	765.000000	125.000000	2
210	2397.500000	135.000000	125.000000	2
214	2397.500000	495.000000	125.000000	2
218	2397.500000	855.000000	125.000000	2
222	2534.500000	225.000000	125.000000	2
226	2534.500000	585.000000	125.000000	2
230	2534.500000	945.000000	125.000000	2
234	2671.500000	315.000000	125.000000	2
238	2671.500000	675.000000	125.000000	2
242	2808.500000	45.000000	125.000000	2
246	2808.500000	405.000000	125.000000	2
250	2808.500000	765.000000	125.000000	2
254	2945.500000	135.000000	125.000000	2
258	2945.500000	495.000000	125.000000	2
262	2945.500000	855.000000	125.000000	2
266	3082.500000	225.000000	125.000000	2
270	3082.500000	585.000000	125.000000	2
274	3082.500000	945.000000	125.000000	2
278	3219.500000	315.000000	125.000000	2
282	3219.500000	675.000000	125.000000	2
286	3356.500000	45.000000	125.000000	2
290	3356.500000	405.000000	125.000000	2
294	3356.500000	765.000000	125.000000	2
298	3493.500000	135.000000	125.000000	2
302	3493.500000	495.000000	125.000000	2
306	3493.500000	855.000000	125.000000	2
310	3630.500000	225.000000	125.000000	2
314	3630.500000	585.000000	125.000000	2
318	3630.500000	945.000000	125.000000	2
322	3767.500000	315.000000	125.000000	2
326	3767.500000	675.000000	125.000000	2
330	3904.500000	45.000000	125.000000	2
334	1000.000000	166.500000	125.000000	2
338	3000.000000	499.500000	125.000000	2
342	57.000000	249.000000	250.000000	2
346	57.000000	913.000000	250.000000	2
350	171.000000	581.000000	250.000000	2
354	285.000000	249.000000	250.000000	2
358	285.000000	913.000000	250.000000	2
362	399.000000	581.000000	250.000000	2
366	513.000000	249.000000	250.000000	2
370	513.000000	913.000000	250.000000	2
374	627.000000	581.000000	250.000000	2
378	741.000000	249.000000	250.000000	2
382	741.000000	913.000000	250.000000	2
386	855.000000	581.000000	250.000000	2
390	969.000000	249.000000	250.000000	2
394	969.000000	913.000000	250.000000	2
398	1083.000000	581.000000	250.000000	2
402	1197.000000	249.000000	250.000000	2
406	1197.000000	913.000000	250.000000	2
410	1311.000000	581.000000	250.000000	2
414	1425.000000	249.000000	250.000000	2
418	1425.000000	913.000000	250.000000	2
422	1539.000000	581.000000	250.000000	2
426	1653.000000	249.000000	250.000000	2
430	1653.000000	913.000000	250.000000	2
434	1767.000000	581.000000	250.000000	2
438	1881.000000	249.000000	250.000000	2
442	1881.000000	913.000000	250.000000	2
446	1995.000000	581.000000	250.000000	2
450	2109.000000	249.000000	250.000000	2
454	2109.000000	913.000000	250.000000	2
458	2223.000000	581.000000	250.000000	2
462	2337.000000	249.000000	250.000000	2
466	2337.000000	913.000000	250.000000	2
470	2451.000000	581.000000	250.000000	2
474	2565.000000	249.000000	250.000000	2
478	2565.000000	913.000000	250.000000	2
482	2679.000000	581.000000	250.000000	2
486	2793.000000	249.000000	250.000000	2
490	2793.000000	913.000000	250.000000	2
494	2907.000000	581.000000	250.000000	2
498	3021.000000	249.000000	250.000000	2
502	3021.000000	913.000000	250.000000	2
506	3135.000000	581.000000	250.000000	2
510	3249.000000	249.000000	250.000000	2
514	3249.000000	913.000000	250.000000	2
518	3363.000000	581.000000	250.000000	2
522	3477.000000	249.000000	250.000000	2
526	3477.000000	913.000000	250.000000	2
530	3591.000000	581.000000	250.000000	2
534	3705.000000	249.000000	250.000000	2
538	3705.000000	913.000000	250.000000	2
542	3819.000000	581.000000	250.000000	2
546	62.500000	62.500000	400.000000	2
550	62.500000	562.500000	400.000000	2
554	187.500000	62.500000	400.000000	2
558	187.500000	562.500000	400.000000	2
562	312.500000	62.500000	400.000000	2
566	312.500000	562.500000	400.000000	2
570	437.500000	62.500000	400.000000	2
574	437.500000	562.500000	400.000000	2
578	562.500000	62.500000	400.000000	2
582	562.500000	562.500000	400.000000	2
586	687.500000	62.500000	400.000000	2
590	687.500000	562.500000	400.000000	2
594	812.500000	62.500000	400.000000	2
598	812.500000	562.500000	400.000000	2
602	937.500000	62.500000	400.000000	2
606	937.500000	562.500000	400.000000	2
610	1062.500000	62.500000	400.000000	2
614	1062.500000	562.500000	400.000000	2
618	1187.500000	62.500000	400.000000	2
622	1187.500000	562.500000	400.000000	2
626	1312.500000	62.500000	400.000000	2
630	1312.500000	562.500000	400.000000	2
634	1437.500000	62.500000	400.000000	2
638	1437.500000	562.500000	400.000000	2
642	1562.500000	62.500000	400.000000	2
646	1562.500000	562.500000	400.000000	2
650	1687.500000	62.500000	400.000000	2
654	1687.500000	562.500000	400.000000	2
658	1812.500000	62.500000	400.000000	2
662	1812.500000	562.500000	400.000000	2
666	1937.500000	62.500000	400.000000	2
670	1937.500000	562.500000	400.000000	2
674	2062.500000	62.500000	400.000000	2
678	2062.500000	562.500000	400.000000	2
682	2187.500000	62.500000	400.000000	2
686	2187.500000	562.500000	400.000000	2
690	2312.500000	62.500000	400.000000	2
694	2312.500000	562.500000	400.000000	2
698	2437.500000	62.500000	400.000000	2
702	2437.500000	562.500000	400.000000	2
706	2562.500000	62.500000	400.000000	2
710	2562.500000	562.500000	400.000000	2
714	2687.500000	62.500000	400.000000	2
718	2687.500000	562.500000	400.000000	2
722	2812.500000	62.500000	400.000000	2
726	2812.500000	562.500000	400.000000	2
730	2937.500000	62.500000	400.000000	2
734	2937.500000	562.500000	400.000000	2
738	3062.500000	62.500000	400.000000	2
742	3062.500000	562.500000	400.000000	2
746	3187.500000	62.500000	400.000000	2
750	3187.500000	562.500000	400.000000	2
754	3312.500000	62.500000	400.000000	2
758	3312.500000	562.500000	400.000000	2
762	3437.500000	62.500000	400.000000	2
766	3437.500000	562.500000	400.000000	2
770	3562.500000	62.500000	400.000000	2
774	3562.500000	562.500000	400.000000	2
778	3687.500000	62.500000	400.000000	2
782	3687.500000	562.500000	400.000000	2
786	3812.500000	62.500000	400.000000	2
790	3812.500000	562.500000	400.000000	2
794	3937.500000	62.500000	400.000000	2
3	1000.000000	250.000000	125.000000	3
7	666.500000	166.500000	125.000000	3
11	1999.500000	499.500000	125.000000	3
15	3332.500000	832.500000	125.000000	3
19	3000.000000	750.000000	400.000000	3
23	68.500000	135.000000	125.000000	3
27	68.500000	495.000000	125.000000	3
31	68.500000	855.000000	125.000000	3
35	205.500000	225.000000	125.000000	3
39	205.500000	585.000000	125.000000	3
43	205.500000	945.000000	125.000000	3
47	342.500000	315.000000	125.000000	3
51	342.500000	675.000000	125.000000	3
55	479.500000	45.000000	125.000000	3
59	479.500000	405.000000	125.000000	3
63	479.500000	765.000000	125.000000	3
67	616.500000	135.000000	125.000000	3
71	616.500000	495.000000	125.000000	3
75	616.500000	855.000000	125.000000	3
79	753.500000	225.000000	125.000000	3
83	753.500000	585.000000	125.000000	3
87	753.500000	945.000000	125.000000	3
91	890.500000	315.000000	125.000000	3
95	890.500000	675.000000	125.000000	3
99	1027.500000	45.000000	125.000000	3
103	1027.500000	405.000000	125.000000	3
107	1027.500000	765.000000	125.000000	3
111	1164.500000	135.000000	125.000000	3
115	1164.500000	495.000000	125.000000	3
119	1164.500000	855.000000	125.000000	3
123	1301.500000	225.000000	125.000000	3
127	1301.500000	585.000000	125.000000	3
131	1301.500000	945.000000	125.000000	3
135	1438.500000	315.000000	125.000000	3
139	1438.500000	675.000000	125.000000	3
143	1575.500000	45.000000	125.000000	3
147	1575.500000	405.000000	125.000000	3
151	1575.500000	765.000000	125.000000	3
155	1712.500000	135.000000	125.000000	3
159	1712.500000	495.000000	125.000000	3
163	1712.500000	855.000000	125.000000	3
167	1849.500000	225.000000	125.000000	3
171	1849.500000	585.000000	125.000000	3
175	1849.500000	945.000000	125.000000	3
179	1986.500000	315.000000	125.000000	3
183	1986.500000	675.000000	125.000000	3
187	2123.500000	45.000000	125.000000	3
191	2123.500000	405.000000	125.000000	3
195	2123.500000	765.000000	125.000000	3
199	2260.500000	135.000000	125.000000	3
203	2260.500000	495.000000	125.000000	3
207	2260.500000	855.000000	125.000000	3
211	2397.500000	225.000000	125.000000	3
215	2397.500000	585.000000	125.000000	3
219	2397.500000	945.000000	125.000000	3
223	2534.500000	315.000000	125.000000	3
227	2534.500000	675.000000	125.000000	3
231	2671.500000	45.000000	125.000000	3
235	2671.500000	405.000000	125.000000	3
239	2671.500000	765.000000	125.000000	3
243	2808.500000	135.000000	125.000000	3
247	2808.500000	495.000000	125.000000	3
251	2808.500000	855.000000	125.000000	3
255	2945.500000	225.000000	125.000000	3
259	2945.500000	585.000000	125.000000	3
263	2945.500000	945.000000	125.000000	3
267	3082.500000	315.000000	125.000000	3
271	3082.500000	675.000000	125.000000	3
275	3219.500000	45.000000	125.000000	3
279	3219.500000	405.000000	125.000000	3
283	3219.500000	765.000000	125.000000	3
287	3356.500000	135.000000	125.000000	3
291	3356.500000	495.000000	125.000000	3
295	3356.500000	855.000000	125.000000	3
299	3493.500000	225.000000	125.000000	3
303	3493.500000	585.000000	125.000000	3
307	3493.500000	945.000000	125.000000	3
311	3630.500000	315.000000	125.000000	3
315	3630.500000	675.000000	125.000000	3
319	3767.500000	45.000000	125.000000	3
323	3767.500000	405.000000	125.000000	3
327	3767.500000	765.000000	125.000000	3
331	3904.500000	135.000000	125.000000	3
335	1000.000000	499.500000	125.000000	3
339	3000.000000	832.500000	125.000000	3
343	57.000000	415.000000	250.000000	3
347	171.000000	83.000000	250.000000	3
351	171.000000	747.000000	250.000000	3
355	285.000000	415.000000	250.000000	3
359	399.000000	83.000000	250.000000	3
363	399.000000	747.000000	250.000000	3
367	513.000000	415.000000	250.000000	3
371	627.000000	83.000000	250.000000	3
375	627.000000	747.000000	250.000000	3
379	741.000000	415.000000	250.000000	3
383	855.000000	83.000000	250.000000	3
387	855.000000	747.000000	250.000000	3
391	969.000000	415.000000	250.000000	3
395	1083.000000	83.000000	250.000000	3
399	1083.000000	747.000000	250.000000	3
403	1197.000000	415.000000	250.000000	3
407	1311.000000	83.000000	250.000000	3
411	1311.000000	747.000000	250.000000	3
415	1425.000000	415.000000	250.000000	3
419	1539.000000	83.000000	250.000000	3
423	1539.000000	747.000000	250.000000	3
427	1653.000000	415.000000	250.000000	3
431	1767.000000	83.000000	250.000000	3
435	1767.000000	747.000000	250.000000	3
439	1881.000000	415.000000	250.000000	3
443	1995.000000	83.000000	250.000000	3
447	1995.000000	747.000000	250.000000	3
451	2109.000000	415.000000	250.000000	3
455	2223.000000	83.000000	250.000000	3
459	2223.000000	747.000000	250.000000	3
463	2337.000000	415.000000	250.000000	3
467	2451.000000	83.000000	250.000000	3
471	2451.000000	747.000000	250.000000	3
475	2565.000000	415.000000	250.000000	3
479	2679.000000	83.000000	250.000000	3
483	2679.000000	747.000000	250.000000	3
487	2793.000000	415.000000	250.000000	3
491	2907.000000	83.000000	250.000000	3
495	2907.000000	747.000000	250.000000	3
499	3021.000000	415.000000	250.000000	3
503	3135.000000	83.000000	250.000000	3
507	3135.000000	747.000000	250.000000	3
511	3249.000000	415.000000	250.000000	3
515	3363.000000	83.000000	250.000000	3
519	3363.000000	747.000000	250.000000	3
523	3477.000000	415.000000	250.000000	3
527	3591.000000	83.000000	250.000000	3
531	3591.000000	747.000000	250.000000	3
535	3705.000000	415.000000	250.000000	3
539	3819.000000	83.000000	250.000000	3
543	3819.000000	747.000000	250.000000	3
547	62.500000	187.500000	400.000000	3
551	62.500000	687.500000	400.000000	3
555	187.500000	187.500000	400.000000	3
559	187.500000	687.500000	400.000000	3
563	312.500000	187.500000	400.000000	3
567	312.500000	687.500000	400.000000	3
571	437.500000	187.500000	400.000000	3
575	437.500000	687.500000	400.000000	3
579	562.500000	187.500000	400.000000	3
583	562.500000	687.500000	400.000000	3
587	687.500000	187.500000	400.000000	3
591	687.500000	687.500000	400.000000	3
595	812.500000	187.500000	400.000000	3
599	812.500000	687.500000	400.000000	3
603	937.500000	187.500000	400.000000	3
607	937.500000	687.500000	400.000000	3
611	1062.500000	187.500000	400.000000	3
615	1062.500000	687.500000	400.000000	3
619	1187.500000	187.500000	400.000000	3
623	1187.500000	687.500000	400.000000	3
627	1312.500000	187.500000	400.000000	3
631	1312.500000	687.500000	400.000000	3
635	1437.500000	187.500000	400.000000	3
639	1437.500000	687.500000	400.000000	3
643	1562.500000	187.500000	400.000000	3
647	1562.500000	687.500000	400.000000	3
651	1687.500000	187.500000	400.000000	3
655	1687.500000	687.500000	400.000000	3
659	1812.500000	187.500000	400.000000	3
663	1812.500000	687.500000	400.000000	3
667	1937.500000	187.500000	400.000000	3
671	1937.500000	687.500000	400.000000	3
675	2062.500000	187.500000	400.000000	3
679	2062.500000	687.500000	400.000000	3
683	2187.500000	187.500000	400.000000	3
687	2187.500000	687.500000	400.000000	3
691	2312.500000	187.500000	400.000000	3
695	2312.500000	687.500000	400.000000	3
699	2437.500000	187.500000	400.000000	3
703	2437.500000	687.500000	400.000000	3
707	2562.500000	187.500000	400.000000	3
711	2562.500000	687.500000	400.000000	3
715	2687.500000	187.500000	400.000000	3
719	2687.500000	687.500000	400.000000	3
723	2812.500000	187.500000	400.000000	3
727	2812.500000	687.500000	400.000000	3
731	2937.500000	187.500000	400.000000	3
735	2937.500000	687.500000	400.000000	3
739	3062.500000	187.500000	400.000000	3
743	3062.500000	687.500000	400.000000	3
747	3187.500000	187.500000	400.000000	3
751	3187.500000	687.500000	400.000000	3
755	3312.500000	187.500000	400.000000	3
759	3312.500000	687.500000	400.000000	3
763	3437.500000	187.500000	400.000000	3
767	3437.500000	687.500000	400.000000	3
771	3562.500000	187.500000	400.000000	3
775	3562.500000	687.500000	400.000000	3
779	3687.500000	187.500000	400.000000	3
783	3687.500000	687.500000	400.000000	3
787	3812.500000	187.500000	400.000000	3
791	3812.500000	687.500000	400.000000	3
795	3937.500000	187.500000	400.000000	3
