201 0
202 0
203 0
204 0
205 0
206 0
207 0
208 0
209 0
210 0
211 0
212 0
213 0
214 0
215 0
216 0
217 0
218 0
219 0
220 0
221 0
222 0
223 0
224 0
225 0
226 0
227 0
228 0
229 0
230 0
231 0
232 0
233 0
234 0
235 0
236 0
237 0
238 0
239 0
240 0
241 0
242 0
243 0
244 0
245 0
246 0
247 0
248 0
249 0
250 0
251 0
252 0
253 0
254 0
255 0
256 0
257 0
258 0
259 0
260 0
261 0
262 0
263 0
264 0
265 0
266 0
267 0
268 0
269 0
270 0
271 0
272 0
273 0
274 0
275 0
276 0
277 0
278 0
279 0
280 0
281 0
282 0
283 0
284 0
285 0
286 0
287 0
288 0
289 0
290 0
291 0
292 0
293 0
294 0
295 0
296 0
297 0
298 0
299 0
300 0
301 0
302 0
303 0
304 0
305 0
306 0
307 0
308 0
309 0
310 0
311 0
312 0
313 0
314 0
315 0
316 0
317 0
318 0
319 0
320 0
321 0
322 0
323 0
324 0
325 0
326 0
327 0
328 0
329 0
330 0
331 0
332 0
333 0
334 0
335 0
336 0
337 0
338 0
339 0
340 0
341 0
342 0
343 0
344 0
345 0
346 0
347 0
348 0
349 0
350 0
351 0
352 0
353 0
354 0
355 0
356 0
357 0
358 0
359 0
360 0
361 0
362 0
363 0
364 0
365 0
366 0
367 0
368 0
369 0
370 0
371 0
372 0
373 0
374 0
375 0
376 0
377 0
378 0
379 0
380 0
381 0
382 0
383 0
384 0
385 0
386 0
387 0
388 0
389 0
390 0
391 0
392 0
393 0
394 0
395 0
396 0
397 0
398 0
399 0
400 0
401 0
402 0
403 0
404 0
405 0
406 0
407 0
408 0
409 0
410 0
411 0
412 0
413 0
414 0
415 0
416 0
417 0
418 0
419 0
420 0
421 0
422 0
423 0
424 0
425 0
426 0
427 0
428 0
429 0
430 0
431 0
432 0
433 0
434 0
435 0
436 0
437 0
438 0
439 0
440 0
441 0
442 0
443 0
444 0
445 0
446 0
447 0
448 0
449 0
450 0
451 0
452 0
453 0
454 0
455 0
456 0
457 0
458 0
459 0
460 0
461 0
462 0
463 0
464 0
465 0
466 0
467 0
468 0
469 0
470 0
471 0
472 0
473 0
474 0
475 0
476 0
477 0
478 0
479 0
480 0
481 0
482 0
483 0
484 0
485 0
486 0
487 0
488 0
489 0
490 0
491 0
492 0
493 0
494 0
495 0
496 0
497 0
498 0
499 0
500 0
501 0
502 0
503 0
504 0
505 0
506 0
507 0
508 0
509 0
510 0
511 0
512 0
513 0
514 0
515 0
516 0
517 0
518 0
519 0
520 0
521 0
522 0
523 0
524 0
525 0
526 0
527 0
528 0
529 0
530 0
531 0
532 0
533 0
534 0
535 0
536 0
537 0
538 0
539 0
540 0
541 0
542 0
543 0
544 0
545 0
546 0
547 0
548 0
549 0
550 0
551 0
552 0
553 0
554 0
555 0
556 0
557 0
558 0
559 0
560 0
561 1
562 1
563 1
564 1
565 1
566 1
567 1
568 1
569 1
570 1
571 1
572 1
573 1
574 1
575 1
576 1
577 1
578 1
579 1
580 1
581 1
582 1
583 1
584 1
585 1
586 1
587 1
588 1
589 1
590 1
591 1
592 1
593 1
594 1
595 1
596 1
597 1
598 1
599 1
600 1
601 1
602 1
603 1
604 1
605 1
606 1
607 1
608 1
609 1
610 1
611 1
612 1
613 1
614 1
615 1
616 1
617 1
618 1
619 1
620 1
621 1
622 1
623 1
624 1
625 1
626 1
627 1
628 1
629 1
630 1
631 1
632 1
633 1
634 1
635 1
636 1
637 1
638 1
639 1
640 1
641 1
642 1
643 1
644 1
645 1
646 1
647 1
648 1
649 1
650 1
651 1
652 1
653 1
654 1
655 1
656 1
657 1
658 1
659 1
660 1
661 1
662 1
663 1
664 1
665 1
666 1
667 1
668 1
669 1
670 1
671 1
672 1
673 1
674 1
675 1
676 1
677 1
678 1
679 1
680 1
681 1
682 1
683 1
684 1
685 1
686 1
687 1
688 1
689 1
690 1
691 1
692 1
693 1
694 1
695 1
696 1
697 1
698 1
699 1
700 1
701 1
702 1
703 1
704 1
705 1
706 1
707 1
708 1
709 1
710 1
711 1
712 1
713 1
714 1
715 1
716 1
717 1
718 1
719 1
720 1
721 1
722 1
723 1
724 1
725 1
726 1
727 1
728 1
729 1
730 1
731 1
732 1
733 1
734 1
735 1
736 1
737 1
738 1
739 1
740 1
741 1
742 1
743 1
744 1
745 1
746 1
747 1
748 1
749 1
750 1
751 1
752 1
753 1
754 1
755 1
756 1
757 1
758 1
759 1
760 1
761 1
762 1
763 1
764 1
765 1
766 1
767 1
768 1
769 1
770 1
771 1
772 1
773 1
774 1
775 1
776 1
777 1
778 1
779 1
780 1
781 1
782 1
783 1
784 1
785 1
786 1
787 1
788 1
789 1
790 1
791 1
792 1
793 1
794 1
795 1
796 1
797 1
798 1
799 1
800 1
801 1
802 1
803 1
804 1
805 1
806 1
807 1
808 1
809 1
810 1
811 1
812 1
813 1
814 1
815 1
816 1
817 1
818 1
819 1
820 1
821 1
822 1
823 1
824 1
825 1
826 1
827 1
828 1
829 1
830 1
831 1
832 1
833 1
834 1
835 1
836 1
837 1
838 1
839 1
840 1
841 1
842 1
843 1
844 1
845 1
846 1
847 1
848 1
849 1
850 1
851 1
852 1
853 1
854 1
855 1
856 1
857 1
858 1
859 1
860 1
861 1
862 1
863 1
864 1
865 1
866 1
867 1
868 1
869 1
870 1
871 1
872 1
873 1
874 1
875 1
876 1
877 1
878 1
879 1
880 1
881 1
882 1
883 1
884 1
885 1
886 1
887 1
888 1
889 1
890 1
891 1
892 1
893 1
894 1
895 1
896 1
897 1
898 1
899 1
900 1
901 1
902 1
903 1
904 1
905 1
906 1
907 1
908 1
909 1
910 1
911 1
912 1
913 1
914 1
915 1
916 1
917 1
918 1
919 1
920 1
921 2
922 2
923 2
924 2
925 2
926 2
927 2
928 2
929 2
930 2
931 2
932 2
933 2
934 2
935 2
936 2
937 2
938 2
939 2
940 2
941 2
942 2
943 2
944 2
945 2
946 2
947 2
948 2
949 2
950 2
951 2
952 2
953 2
954 2
955 2
956 2
957 2
958 2
959 2
960 2
961 2
962 2
963 2
964 2
965 2
966 2
967 2
968 2
969 2
970 2
971 2
972 2
973 2
974 2
975 2
976 2
977 2
978 2
979 2
980 2
981 2
982 2
983 2
984 2
985 2
986 2
987 2
988 2
989 2
990 2
991 2
992 2
993 2
994 2
995 2
996 2
997 2
998 2
999 2
1000 2
1001 2
1002 2
1003 2
1004 2
1005 2
1006 2
1007 2
1008 2
1009 2
1010 2
1011 2
1012 2
1013 2
1014 2
1015 2
1016 2
1017 2
1018 2
1019 2
1020 2
1021 2
1022 2
1023 2
1024 2
1025 2
1026 2
1027 2
1028 2
1029 2
1030 2
1031 2
1032 2
1033 2
1034 2
1035 2
1036 2
1037 2
1038 2
1039 2
1040 2
1041 2
1042 2
1043 2
1044 2
1045 2
1046 2
1047 2
1048 2
1049 2
1050 2
1051 2
1052 2
1053 2
1054 2
1055 2
1056 2
1057 2
1058 2
1059 2
1060 2
1061 2
1062 2
1063 2
1064 2
1065 2
1066 2
1067 2
1068 2
1069 2
1070 2
1071 2
1072 2
1073 2
1074 2
1075 2
1076 2
1077 2
1078 2
1079 2
1080 2
1081 2
1082 2
1083 2
1084 2
1085 2
1086 2
1087 2
1088 2
1089 2
1090 2
1091 2
1092 2
1093 2
1094 2
1095 2
1096 2
1097 2
1098 2
1099 2
1100 2
1101 2
1102 2
1103 2
1104 2
1105 2
1106 2
1107 2
1108 2
1109 2
1110 2
1111 2
1112 2
1113 2
1114 2
1115 2
1116 2
1117 2
1118 2
1119 2
1120 2
1121 2
1122 2
1123 2
1124 2
1125 2
1126 2
1127 2
1128 2
1129 2
1130 2
1131 2
1132 2
1133 2
1134 2
1135 2
1136 2
1137 2
1138 2
1139 2
1140 2
1141 2
1142 2
1143 2
1144 2
1145 2
1146 2
1147 2
1148 2
1149 2
1150 2
1151 2
1152 2
1153 2
1154 2
1155 2
1156 2
1157 2
1158 2
1159 2
1160 2
1161 2
1162 2
1163 2
1164 2
1165 2
1166 2
1167 2
1168 2
1169 2
1170 2
1171 2
1172 2
1173 2
1174 2
1175 2
1176 2
1177 2
1178 2
1179 2
1180 2
1181 2
1182 2
1183 2
1184 2
1185 2
1186 2
1187 2
1188 2
1189 2
1190 2
1191 2
1192 2
1193 2
1194 2
1195 2
1196 2
1197 2
1198 2
1199 2
1200 2
1201 2
1202 2
1203 2
1204 2
1205 2
1206 2
1207 2
1208 2
1209 2
1210 2
1211 2
1212 2
1213 2
1214 2
1215 2
1216 2
1217 2
1218 2
1219 2
1220 2
1221 2
1222 2
1223 2
1224 2
1225 2
1226 2
1227 2
1228 2
1229 2
1230 2
1231 2
1232 2
1233 2
1234 2
1235 2
1236 2
1237 2
1238 2
1239 2
1240 2
1241 2
1242 2
1243 2
1244 2
1245 2
1246 2
1247 2
1248 2
1249 2
1250 2
1251 2
1252 2
1253 2
1254 2
1255 2
1256 2
1257 2
1258 2
1259 2
1260 2
1261 2
1262 2
1263 2
1264 2
1265 2
1266 2
1267 2
1268 2
1269 2
1270 2
1271 2
1272 2
1273 2
1274 2
1275 2
1276 2
1277 2
1278 2
1279 2
1280 2
1281 3
1282 3
1283 3
1284 3
1285 3
1286 3
1287 3
1288 3
1289 3
1290 3
1291 3
1292 3
1293 3
1294 3
1295 3
1296 3
1297 3
1298 3
1299 3
1300 3
1301 3
1302 3
1303 3
1304 3
1305 3
1306 3
1307 3
1308 3
1309 3
1310 3
1311 3
1312 3
1313 3
1314 3
1315 3
1316 3
1317 3
1318 3
1319 3
1320 3
1321 3
1322 3
1323 3
1324 3
1325 3
1326 3
1327 3
1328 3
1329 3
1330 3
1331 3
1332 3
1333 3
1334 3
1335 3
1336 3
1337 3
1338 3
1339 3
1340 3
1341 3
1342 3
1343 3
1344 3
1345 3
1346 3
1347 3
1348 3
1349 3
1350 3
1351 3
1352 3
1353 3
1354 3
1355 3
1356 3
1357 3
1358 3
1359 3
1360 3
1361 3
1362 3
1363 3
1364 3
1365 3
1366 3
1367 3
1368 3
1369 3
1370 3
1371 3
1372 3
1373 3
1374 3
1375 3
1376 3
1377 3
1378 3
1379 3
1380 3
1381 3
1382 3
1383 3
1384 3
1385 3
1386 3
1387 3
1388 3
1389 3
1390 3
1391 3
1392 3
1393 3
1394 3
1395 3
1396 3
1397 3
1398 3
1399 3
1400 3
1401 3
1402 3
1403 3
1404 3
1405 3
1406 3
1407 3
1408 3
1409 3
1410 3
1411 3
1412 3
1413 3
1414 3
1415 3
1416 3
1417 3
1418 3
1419 3
1420 3
1421 3
1422 3
1423 3
1424 3
1425 3
1426 3
1427 3
1428 3
1429 3
1430 3
1431 3
1432 3
1433 3
1434 3
1435 3
1436 3
1437 3
1438 3
1439 3
1440 3
1441 3
1442 3
1443 3
1444 3
1445 3
1446 3
1447 3
1448 3
1449 3
1450 3
1451 3
1452 3
1453 3
1454 3
1455 3
1456 3
1457 3
1458 3
1459 3
1460 3
1461 3
1462 3
1463 3
1464 3
1465 3
1466 3
1467 3
1468 3
1469 3
1470 3
1471 3
1472 3
1473 3
1474 3
1475 3
1476 3
1477 3
1478 3
1479 3
1480 3
1481 3
1482 3
1483 3
1484 3
1485 3
1486 3
1487 3
1488 3
1489 3
1490 3
1491 3
1492 3
1493 3
1494 3
1495 3
1496 3
1497 3
1498 3
1499 3
1500 3
1501 3
1502 3
1503 3
1504 3
1505 3
1506 3
1507 3
1508 3
1509 3
1510 3
1511 3
1512 3
1513 3
1514 3
1515 3
1516 3
1517 3
1518 3
1519 3
1520 3
1521 3
1522 3
1523 3
1524 3
1525 3
1526 3
1527 3
1528 3
1529 3
1530 3
1531 3
1532 3
1533 3
1534 3
1535 3
1536 3
1537 3
1538 3
1539 3
1540 3
1541 3
1542 3
1543 3
1544 3
1545 3
1546 3
1547 3
1548 3
1549 3
1550 3
1551 3
1552 3
1553 3
1554 3
1555 3
1556 3
1557 3
1558 3
1559 3
1560 3
1561 3
1562 3
1563 3
1564 3
1565 3
1566 3
1567 3
1568 3
1569 3
1570 3
1571 3
1572 3
1573 3
1574 3
1575 3
1576 3
1577 3
1578 3
1579 3
1580 3
1581 3
1582 3
1583 3
1584 3
1585 3
1586 3
1587 3
1588 3
1589 3
1590 3
1591 3
1592 3
1593 3
1594 3
1595 3
1596 3
1597 3
1598 3
1599 3
1600 3
1601 3
1602 3
1603 3
1604 3
1605 3
1606 3
1607 3
1608 3
1609 3
1610 3
1611 3
1612 3
1613 3
1614 3
1615 3
1616 3
1617 3
1618 3
1619 3
1620 3
1621 3
1622 3
1623 3
1624 3
1625 3
1626 3
1627 3
1628 3
1629 3
1630 3
1631 3
1632 3
1633 3
1634 3
1635 3
1636 3
1637 3
1638 3
1639 3
1640 3
1641 4
1642 4
1643 4
1644 4
1645 4
1646 4
1647 4
1648 4
1649 4
1650 4
1651 4
1652 4
1653 4
1654 4
1655 4
1656 4
1657 4
1658 4
1659 4
1660 4
1661 4
1662 4
1663 4
1664 4
1665 4
1666 4
1667 4
1668 4
1669 4
1670 4
1671 4
1672 4
1673 4
1674 4
1675 4
1676 4
1677 4
1678 4
1679 4
1680 4
1681 4
1682 4
1683 4
1684 4
1685 4
1686 4
1687 4
1688 4
1689 4
1690 4
1691 4
1692 4
1693 4
1694 4
1695 4
1696 4
1697 4
1698 4
1699 4
1700 4
1701 4
1702 4
1703 4
1704 4
1705 4
1706 4
1707 4
1708 4
1709 4
1710 4
1711 4
1712 4
1713 4
1714 4
1715 4
1716 4
1717 4
1718 4
1719 4
1720 4
1721 4
1722 4
1723 4
1724 4
1725 4
1726 4
1727 4
1728 4
1729 4
1730 4
1731 4
1732 4
1733 4
1734 4
1735 4
1736 4
1737 4
1738 4
1739 4
1740 4
1741 4
1742 4
1743 4
1744 4
1745 4
1746 4
1747 4
1748 4
1749 4
1750 4
1751 4
1752 4
1753 4
1754 4
1755 4
1756 4
1757 4
1758 4
1759 4
1760 4
1761 4
1762 4
1763 4
1764 4
1765 4
1766 4
1767 4
1768 4
1769 4
1770 4
1771 4
1772 4
1773 4
1774 4
1775 4
1776 4
1777 4
1778 4
1779 4
1780 4
1781 4
1782 4
1783 4
1784 4
1785 4
1786 4
1787 4
1788 4
1789 4
1790 4
1791 4
1792 4
1793 4
1794 4
1795 4
1796 4
1797 4
1798 4
1799 4
1800 4
1801 4
1802 4
1803 4
1804 4
1805 4
1806 4
1807 4
1808 4
1809 4
1810 4
1811 4
1812 4
1813 4
1814 4
1815 4
1816 4
1817 4
1818 4
1819 4
1820 4
1821 4
1822 4
1823 4
1824 4
1825 4
1826 4
1827 4
1828 4
1829 4
1830 4
1831 4
1832 4
1833 4
1834 4
1835 4
1836 4
1837 4
1838 4
1839 4
1840 4
1841 4
1842 4
1843 4
1844 4
1845 4
1846 4
1847 4
1848 4
1849 4
1850 4
1851 4
1852 4
1853 4
1854 4
1855 4
1856 4
1857 4
1858 4
1859 4
1860 4
1861 4
1862 4
1863 4
1864 4
1865 4
1866 4
1867 4
1868 4
1869 4
1870 4
1871 4
1872 4
1873 4
1874 4
1875 4
1876 4
1877 4
1878 4
1879 4
1880 4
1881 4
1882 4
1883 4
1884 4
1885 4
1886 4
1887 4
1888 4
1889 4
1890 4
1891 4
1892 4
1893 4
1894 4
1895 4
1896 4
1897 4
1898 4
1899 4
1900 4
1901 4
1902 4
1903 4
1904 4
1905 4
1906 4
1907 4
1908 4
1909 4
1910 4
1911 4
1912 4
1913 4
1914 4
1915 4
1916 4
1917 4
1918 4
1919 4
1920 4
1921 4
1922 4
1923 4
1924 4
1925 4
1926 4
1927 4
1928 4
1929 4
1930 4
1931 4
1932 4
1933 4
1934 4
1935 4
1936 4
1937 4
1938 4
1939 4
1940 4
1941 4
1942 4
1943 4
1944 4
1945 4
1946 4
1947 4
1948 4
1949 4
1950 4
1951 4
1952 4
1953 4
1954 4
1955 4
1956 4
1957 4
1958 4
1959 4
1960 4
1961 4
1962 4
1963 4
1964 4
1965 4
1966 4
1967 4
1968 4
1969 4
1970 4
1971 4
1972 4
1973 4
1974 4
1975 4
1976 4
1977 4
1978 4
1979 4
1980 4
1981 4
1982 4
1983 4
1984 4
1985 4
1986 4
1987 4
1988 4
1989 4
1990 4
1991 4
1992 4
1993 4
1994 4
1995 4
1996 4
1997 4
1998 4
1999 4
2000 4
2001 5
2002 5
2003 5
2004 5
2005 5
2006 5
2007 5
2008 5
2009 5
2010 5
2011 5
2012 5
2013 5
2014 5
2015 5
2016 5
2017 5
2018 5
2019 5
2020 5
2021 5
2022 5
2023 5
2024 5
2025 5
2026 5
2027 5
2028 5
2029 5
2030 5
2031 5
2032 5
2033 5
2034 5
2035 5
2036 5
2037 5
2038 5
2039 5
2040 5
2041 5
2042 5
2043 5
2044 5
2045 5
2046 5
2047 5
2048 5
2049 5
2050 5
2051 5
2052 5
2053 5
2054 5
2055 5
2056 5
2057 5
2058 5
2059 5
2060 5
2061 5
2062 5
2063 5
2064 5
2065 5
2066 5
2067 5
2068 5
2069 5
2070 5
2071 5
2072 5
2073 5
2074 5
2075 5
2076 5
2077 5
2078 5
2079 5
2080 5
2081 5
2082 5
2083 5
2084 5
2085 5
2086 5
2087 5
2088 5
2089 5
2090 5
2091 5
2092 5
2093 5
2094 5
2095 5
2096 5
2097 5
2098 5
2099 5
2100 5
2101 5
2102 5
2103 5
2104 5
2105 5
2106 5
2107 5
2108 5
2109 5
2110 5
2111 5
2112 5
2113 5
2114 5
2115 5
2116 5
2117 5
2118 5
2119 5
2120 5
2121 5
2122 5
2123 5
2124 5
2125 5
2126 5
2127 5
2128 5
2129 5
2130 5
2131 5
2132 5
2133 5
2134 5
2135 5
2136 5
2137 5
2138 5
2139 5
2140 5
2141 5
2142 5
2143 5
2144 5
2145 5
2146 5
2147 5
2148 5
2149 5
2150 5
2151 5
2152 5
2153 5
2154 5
2155 5
2156 5
2157 5
2158 5
2159 5
2160 5
2161 5
2162 5
2163 5
2164 5
2165 5
2166 5
2167 5
2168 5
2169 5
2170 5
2171 5
2172 5
2173 5
2174 5
2175 5
2176 5
2177 5
2178 5
2179 5
2180 5
2181 5
2182 5
2183 5
2184 5
2185 5
2186 5
2187 5
2188 5
2189 5
2190 5
2191 5
2192 5
2193 5
2194 5
2195 5
2196 5
2197 5
2198 5
2199 5
2200 5
2201 5
2202 5
2203 5
2204 5
2205 5
2206 5
2207 5
2208 5
2209 5
2210 5
2211 5
2212 5
2213 5
2214 5
2215 5
2216 5
2217 5
2218 5
2219 5
2220 5
2221 5
2222 5
2223 5
2224 5
2225 5
2226 5
2227 5
2228 5
2229 5
2230 5
2231 5
2232 5
2233 5
2234 5
2235 5
2236 5
2237 5
2238 5
2239 5
2240 5
2241 5
2242 5
2243 5
2244 5
2245 5
2246 5
2247 5
2248 5
2249 5
2250 5
2251 5
2252 5
2253 5
2254 5
2255 5
2256 5
2257 5
2258 5
2259 5
2260 5
2261 5
2262 5
2263 5
2264 5
2265 5
2266 5
2267 5
2268 5
2269 5
2270 5
2271 5
2272 5
2273 5
2274 5
2275 5
2276 5
2277 5
2278 5
2279 5
2280 5
2281 5
2282 5
2283 5
2284 5
2285 5
2286 5
2287 5
2288 5
2289 5
2290 5
2291 5
2292 5
2293 5
2294 5
2295 5
2296 5
2297 5
2298 5
2299 5
2300 5
2301 5
2302 5
2303 5
2304 5
2305 5
2306 5
2307 5
2308 5
2309 5
2310 5
2311 5
2312 5
2313 5
2314 5
2315 5
2316 5
2317 5
2318 5
2319 5
2320 5
2321 5
2322 5
2323 5
2324 5
2325 5
2326 5
2327 5
2328 5
2329 5
2330 5
2331 5
2332 5
2333 5
2334 5
2335 5
2336 5
2337 5
2338 5
2339 5
2340 5
2341 5
2342 5
2343 5
2344 5
2345 5
2346 5
2347 5
2348 5
2349 5
2350 5
2351 5
2352 5
2353 5
2354 5
2355 5
2356 5
2357 5
2358 5
2359 5
2360 5
2361 6
2362 6
2363 6
2364 6
2365 6
2366 6
2367 6
2368 6
2369 6
2370 6
2371 6
2372 6
2373 6
2374 6
2375 6
2376 6
2377 6
2378 6
2379 6
2380 6
2381 6
2382 6
2383 6
2384 6
2385 6
2386 6
2387 6
2388 6
2389 6
2390 6
2391 6
2392 6
2393 6
2394 6
2395 6
2396 6
2397 6
2398 6
2399 6
2400 6
2401 6
2402 6
2403 6
2404 6
2405 6
2406 6
2407 6
2408 6
2409 6
2410 6
2411 6
2412 6
2413 6
2414 6
2415 6
2416 6
2417 6
2418 6
2419 6
2420 6
2421 6
2422 6
2423 6
2424 6
2425 6
2426 6
2427 6
2428 6
2429 6
2430 6
2431 6
2432 6
2433 6
2434 6
2435 6
2436 6
2437 6
2438 6
2439 6
2440 6
2441 6
2442 6
2443 6
2444 6
2445 6
2446 6
2447 6
2448 6
2449 6
2450 6
2451 6
2452 6
2453 6
2454 6
2455 6
2456 6
2457 6
2458 6
2459 6
2460 6
2461 6
2462 6
2463 6
2464 6
2465 6
2466 6
2467 6
2468 6
2469 6
2470 6
2471 6
2472 6
2473 6
2474 6
2475 6
2476 6
2477 6
2478 6
2479 6
2480 6
2481 6
2482 6
2483 6
2484 6
2485 6
2486 6
2487 6
2488 6
2489 6
2490 6
2491 6
2492 6
2493 6
2494 6
2495 6
2496 6
2497 6
2498 6
2499 6
2500 6
2501 6
2502 6
2503 6
2504 6
2505 6
2506 6
2507 6
2508 6
2509 6
2510 6
2511 6
2512 6
2513 6
2514 6
2515 6
2516 6
2517 6
2518 6
2519 6
2520 6
2521 6
2522 6
2523 6
2524 6
2525 6
2526 6
2527 6
2528 6
2529 6
2530 6
2531 6
2532 6
2533 6
2534 6
2535 6
2536 6
2537 6
2538 6
2539 6
2540 6
2541 6
2542 6
2543 6
2544 6
2545 6
2546 6
2547 6
2548 6
2549 6
2550 6
2551 6
2552 6
2553 6
2554 6
2555 6
2556 6
2557 6
2558 6
2559 6
2560 6
2561 6
2562 6
2563 6
2564 6
2565 6
2566 6
2567 6
2568 6
2569 6
2570 6
2571 6
2572 6
2573 6
2574 6
2575 6
2576 6
2577 6
2578 6
2579 6
2580 6
2581 6
2582 6
2583 6
2584 6
2585 6
2586 6
2587 6
2588 6
2589 6
2590 6
2591 6
2592 6
2593 6
2594 6
2595 6
2596 6
2597 6
2598 6
2599 6
2600 6
2601 6
2602 6
2603 6
2604 6
2605 6
2606 6
2607 6
2608 6
2609 6
2610 6
2611 6
2612 6
2613 6
2614 6
2615 6
2616 6
2617 6
2618 6
2619 6
2620 6
2621 6
2622 6
2623 6
2624 6
2625 6
2626 6
2627 6
2628 6
2629 6
2630 6
2631 6
2632 6
2633 6
2634 6
2635 6
2636 6
2637 6
2638 6
2639 6
2640 6
2641 6
2642 6
2643 6
2644 6
2645 6
2646 6
2647 6
2648 6
2649 6
2650 6
2651 6
2652 6
2653 6
2654 6
2655 6
2656 6
2657 6
2658 6
2659 6
2660 6
2661 6
2662 6
2663 6
2664 6
2665 6
2666 6
2667 6
2668 6
2669 6
2670 6
2671 6
2672 6
2673 6
2674 6
2675 6
2676 6
2677 6
2678 6
2679 6
2680 6
2681 6
2682 6
2683 6
2684 6
2685 6
2686 6
2687 6
2688 6
2689 6
2690 6
2691 6
2692 6
2693 6
2694 6
2695 6
2696 6
2697 6
2698 6
2699 6
2700 6
2701 6
2702 6
2703 6
2704 6
2705 6
2706 6
2707 6
2708 6
2709 6
2710 6
2711 6
2712 6
2713 6
2714 6
2715 6
2716 6
2717 6
2718 6
2719 6
2720 6
2721 7
2722 7
2723 7
2724 7
2725 7
2726 7
2727 7
2728 7
2729 7
2730 7
2731 7
2732 7
2733 7
2734 7
2735 7
2736 7
2737 7
2738 7
2739 7
2740 7
2741 7
2742 7
2743 7
2744 7
2745 7
2746 7
2747 7
2748 7
2749 7
2750 7
2751 7
2752 7
2753 7
2754 7
2755 7
2756 7
2757 7
2758 7
2759 7
2760 7
2761 7
2762 7
2763 7
2764 7
2765 7
2766 7
2767 7
2768 7
2769 7
2770 7
2771 7
2772 7
2773 7
2774 7
2775 7
2776 7
2777 7
2778 7
2779 7
2780 7
2781 7
2782 7
2783 7
2784 7
2785 7
2786 7
2787 7
2788 7
2789 7
2790 7
2791 7
2792 7
2793 7
2794 7
2795 7
2796 7
2797 7
2798 7
2799 7
2800 7
2801 7
2802 7
2803 7
2804 7
2805 7
2806 7
2807 7
2808 7
2809 7
2810 7
2811 7
2812 7
2813 7
2814 7
2815 7
2816 7
2817 7
2818 7
2819 7
2820 7
2821 7
2822 7
2823 7
2824 7
2825 7
2826 7
2827 7
2828 7
2829 7
2830 7
2831 7
2832 7
2833 7
2834 7
2835 7
2836 7
2837 7
2838 7
2839 7
2840 7
2841 7
2842 7
2843 7
2844 7
2845 7
2846 7
2847 7
2848 7
2849 7
2850 7
2851 7
2852 7
2853 7
2854 7
2855 7
2856 7
2857 7
2858 7
2859 7
2860 7
2861 7
2862 7
2863 7
2864 7
2865 7
2866 7
2867 7
2868 7
2869 7
2870 7
2871 7
2872 7
2873 7
2874 7
2875 7
2876 7
2877 7
2878 7
2879 7
2880 7
2881 7
2882 7
2883 7
2884 7
2885 7
2886 7
2887 7
2888 7
2889 7
2890 7
2891 7
2892 7
2893 7
2894 7
2895 7
2896 7
2897 7
2898 7
2899 7
2900 7
2901 7
2902 7
2903 7
2904 7
2905 7
2906 7
2907 7
2908 7
2909 7
2910 7
2911 7
2912 7
2913 7
2914 7
2915 7
2916 7
2917 7
2918 7
2919 7
2920 7
2921 7
2922 7
2923 7
2924 7
2925 7
2926 7
2927 7
2928 7
2929 7
2930 7
2931 7
2932 7
2933 7
2934 7
2935 7
2936 7
2937 7
2938 7
2939 7
2940 7
2941 7
2942 7
2943 7
2944 7
2945 7
2946 7
2947 7
2948 7
2949 7
2950 7
2951 7
2952 7
2953 7
2954 7
2955 7
2956 7
2957 7
2958 7
2959 7
2960 7
2961 7
2962 7
2963 7
2964 7
2965 7
2966 7
2967 7
2968 7
2969 7
2970 7
2971 7
2972 7
2973 7
2974 7
2975 7
2976 7
2977 7
2978 7
2979 7
2980 7
2981 7
2982 7
2983 7
2984 7
2985 7
2986 7
2987 7
2988 7
2989 7
2990 7
2991 7
2992 7
2993 7
2994 7
2995 7
2996 7
2997 7
2998 7
2999 7
3000 7
3001 7
3002 7
3003 7
3004 7
3005 7
3006 7
3007 7
3008 7
3009 7
3010 7
3011 7
3012 7
3013 7
3014 7
3015 7
3016 7
3017 7
3018 7
3019 7
3020 7
3021 7
3022 7
3023 7
3024 7
3025 7
3026 7
3027 7
3028 7
3029 7
3030 7
3031 7
3032 7
3033 7
3034 7
3035 7
3036 7
3037 7
3038 7
3039 7
3040 7
3041 7
3042 7
3043 7
3044 7
3045 7
3046 7
3047 7
3048 7
3049 7
3050 7
3051 7
3052 7
3053 7
3054 7
3055 7
3056 7
3057 7
3058 7
3059 7
3060 7
3061 7
3062 7
3063 7
3064 7
3065 7
3066 7
3067 7
3068 7
3069 7
3070 7
3071 7
3072 7
3073 7
3074 7
3075 7
3076 7
3077 7
3078 7
3079 7
3080 7
