5.000 3163
5.000 3171
5.000 3179
5.000 3187
5.000 3195
5.000 3203
5.000 3211
5.000 3219
5.000 3227
5.000 3235
5.000 3243
5.000 3251
5.000 3259
5.000 3267
5.000 3275
5.000 3283
5.000 3291
5.000 3299
5.000 3307
5.000 3315
5.000 3323
5.000 3331
5.000 3339
5.000 3347
5.000 3355
5.000 3363
5.000 3371
5.000 3379
5.000 3387
5.000 3395
5.000 3403
5.000 3411
5.000 3419
5.000 3427
5.000 3435
5.000 3443
5.000 3451
5.000 3459
5.000 3467
5.000 3475
5.000 3483
5.000 3491
5.000 3499
5.000 3507
5.000 3515
5.000 3523
5.000 3531
5.000 3539
5.000 3547
5.000 3555
5.000 3563
5.000 3571
5.000 3579
5.000 3587
5.000 3595
5.000 3603
5.000 3611
5.000 3619
5.000 3627
5.000 3635
5.000 3643
5.000 3651
5.000 3659
5.000 3667
5.000 3675
5.000 3683
5.000 3691
5.000 3699
5.000 3707
5.000 3715
5.000 3723
5.000 3731
5.000 3739
5.000 3747
5.000 3755
5.000 3763
5.000 3771
5.000 3779
5.000 3787
5.000 3795
5.000 3803
5.000 3811
5.000 3819
5.000 3827
5.000 3835
5.000 3843
5.000 3851
5.000 3859
5.000 3867
5.000 3875
5.000 3883
5.000 3891
5.000 3899
5.000 3907
5.000 3915
5.000 3923
5.000 3931
5.000 3939
5.000 3947
5.000 3955
5.000 3963
5.000 3971
5.000 3979
5.000 3987
5.000 3995
5.000 4003
5.000 4011
5.000 4019
5.000 4027
5.000 4035
5.000 4043
5.000 4051
5.000 4059
5.000 4067
5.000 4075
5.000 4083
5.000 4091
5.000 4099
5.000 4107
5.000 4115
5.000 4123
5.000 4131
5.000 4139
5.000 4147
5.000 4155
5.000 4163
5.000 4171
5.000 4179
5.000 4187
5.000 4195
5.000 4203
5.000 4211
5.000 4219
5.000 4227
5.000 4235
5.000 4243
5.000 4251
5.000 4259
5.000 4267
5.000 4275
5.000 4283
5.000 4291
5.000 4299
5.000 4307
5.000 4315
5.000 4323
5.000 4331
5.000 4339
5.000 4347
5.000 4355
5.000 4363
5.000 4371
5.000 4379
5.000 4387
5.000 4395
5.000 4403
5.000 4411
5.000 4419
5.000 4427
5.000 4435
5.000 4443
5.000 4451
5.000 4459
5.000 4467
5.000 4475
5.000 4483
5.000 4491
5.000 4499
5.000 4507
5.000 4515
5.000 4523
5.000 4531
5.000 4539
5.000 4547
5.000 4555
5.000 4563
5.000 4571
5.000 4579
5.000 4587
5.000 4595
5.000 4603
5.000 4611
5.000 4619
5.000 4627
5.000 4635
5.000 4643
5.000 4651
5.000 4659
5.000 4667
5.000 4675
5.000 4683
5.000 4691
5.000 4699
5.000 4707
5.000 4715
5.000 4723
5.000 4731
5.000 4739
5.000 4747
5.000 4755
5.000 4763
5.000 4771
5.000 4779
5.000 4787
5.000 4795
5.000 4803
5.000 4811
5.000 4819
5.000 4827
5.000 4835
5.000 4843
5.000 4851
5.000 4859
5.000 4867
5.000 4875
5.000 4883
5.000 4891
5.000 4899
5.000 4907
5.000 4915
5.000 4923
5.000 4931
5.000 4939
5.000 4947
5.000 4955
5.000 4963
5.000 4971
5.000 4979
5.000 4987
5.000 4995
5.000 5003
5.000 3139
5.000 3147
5.000 3155
9.200 35
9.200 43
9.200 51
9.200 59
9.200 67
9.900 3083
9.900 3091
9.900 3099
9.900 3107
9.900 3115
9.900 3123
9.900 3131
10.000 3
10.100 11
10.100 1891
10.200 203
10.200 211
10.200 227
10.200 235
10.200 243
10.200 251
10.200 259
10.200 267
10.200 275
10.200 283
10.200 291
10.200 299
10.200 307
10.200 315
10.200 323
10.200 339
10.200 347
10.200 355
10.200 363
10.200 371
10.200 379
10.200 387
10.200 395
10.200 403
10.200 411
10.200 419
10.200 427
10.200 435
10.200 451
10.200 459
10.200 475
10.200 491
10.200 499
10.200 507
10.200 515
10.200 523
10.200 531
10.200 539
10.200 547
10.200 555
10.200 563
10.200 579
10.200 587
10.200 595
10.200 603
10.200 611
10.200 619
10.200 635
10.200 643
10.200 667
10.200 683
10.200 691
10.200 699
10.200 707
10.200 715
10.200 723
10.200 731
10.200 747
10.200 763
10.200 771
10.200 787
10.200 795
10.200 803
10.200 811
10.200 819
10.200 827
10.200 835
10.200 843
10.200 851
10.200 859
10.200 867
10.200 883
10.200 891
10.200 899
10.200 907
10.200 915
10.200 923
10.200 931
10.200 947
10.200 955
10.200 963
10.200 979
10.200 987
10.200 1003
10.200 1011
10.200 1027
10.200 1035
10.200 1043
10.200 1051
10.200 1059
10.200 1075
10.200 1091
10.200 1107
10.200 1123
10.200 1131
10.200 1139
10.200 1147
10.200 1163
10.200 1171
10.200 1179
10.200 1187
10.200 1195
10.200 1203
10.200 1211
10.200 1227
10.200 1243
10.200 1259
10.200 1267
10.200 1283
10.200 1299
10.200 1307
10.200 1315
10.200 1331
10.200 1339
10.200 1347
10.200 1355
10.200 1371
10.200 1387
10.200 1403
10.200 1411
10.200 1427
10.200 1435
10.200 1443
10.200 1451
10.200 1459
10.200 1467
10.200 1475
10.200 1483
10.200 1491
10.200 1499
10.200 1507
10.200 1515
10.200 1523
10.200 1531
10.200 1539
10.200 1547
10.200 1555
10.200 1563
10.200 1571
10.200 1579
10.200 1587
10.200 1595
10.200 1603
10.200 1611
10.200 1619
10.200 1627
10.200 1635
10.200 1643
10.200 1651
10.200 1659
10.200 1667
10.200 1675
10.200 1683
10.200 1699
10.200 1707
10.200 1715
10.200 1723
10.200 1739
10.200 1747
10.200 1755
10.200 1771
10.200 1779
10.200 1787
10.200 1795
10.200 1803
10.200 1811
10.200 1819
10.200 1835
10.200 1843
10.200 1851
10.200 1859
10.200 1867
10.200 1875
10.200 1883
10.200 1899
10.200 1915
10.200 1931
10.200 1939
10.200 1955
10.200 1963
10.200 1971
10.200 1979
10.200 1987
10.200 1995
10.200 2003
10.200 2011
10.200 2019
10.200 2027
10.200 2035
10.200 2043
10.200 2051
10.200 2059
10.200 2075
10.200 2083
10.200 2091
10.200 2099
10.200 2131
10.200 2139
10.200 2147
10.200 2155
10.200 2163
10.200 2171
10.200 2179
10.200 2187
10.200 2195
10.200 2203
10.200 2219
10.200 2227
10.200 2235
10.200 2243
10.200 2251
10.200 2259
10.200 2267
10.200 2275
10.200 2291
10.200 2299
10.200 2307
10.200 2315
10.200 2331
10.200 2339
10.200 2347
10.200 2355
10.200 2363
10.200 2371
10.200 2379
10.200 2387
10.200 2395
10.200 2403
10.200 2411
10.200 2435
10.200 2443
10.200 2451
10.200 2459
10.200 2467
10.200 2475
10.200 2491
10.200 2499
10.200 2507
10.200 2515
10.200 2531
10.200 2539
10.200 2547
10.200 2555
10.200 2563
10.200 2579
10.200 2595
10.200 2603
10.200 2611
10.200 2619
10.200 2627
10.200 2635
10.200 2643
10.200 2651
10.200 2659
10.200 2667
10.200 2675
10.200 2683
10.200 2699
10.200 2707
10.200 2715
10.200 2723
10.200 2739
10.200 2755
10.200 2763
10.200 2771
10.200 2779
10.200 2787
10.200 2795
10.200 2811
10.200 2819
10.200 2827
10.200 2843
10.200 2851
10.200 2867
10.200 2875
10.200 2883
10.200 2891
10.200 2907
10.200 2915
10.200 2923
10.200 2939
10.200 2955
10.200 2971
10.200 2979
10.200 2987
10.200 2995
10.200 3003
10.200 3011
10.200 3019
10.200 3027
10.200 3035
10.200 3043
10.200 3051
10.200 3075
10.300 219
10.300 331
10.300 443
10.300 467
10.300 483
10.300 571
10.300 627
10.300 651
10.300 659
10.300 675
10.300 739
10.300 755
10.300 779
10.300 875
10.300 939
10.300 971
10.300 995
10.300 1019
10.300 1067
10.300 1083
10.300 1099
10.300 1115
10.300 1155
10.300 1219
10.300 1235
10.300 1251
10.300 1275
10.300 1291
10.300 1323
10.300 1363
10.300 1379
10.300 1395
10.300 1419
10.300 1691
10.300 1731
10.300 1763
10.300 1827
10.300 1907
10.300 1923
10.300 1947
10.300 2067
10.300 2107
10.300 2115
10.300 2123
10.300 2211
10.300 2283
10.300 2323
10.300 2419
10.300 2427
10.300 2483
10.300 2523
10.300 2571
10.300 2587
10.300 2691
10.300 2731
10.300 2747
10.300 2803
10.300 2835
10.300 2859
10.300 2899
10.300 2931
10.300 2947
10.300 2963
10.300 3059
10.300 3067
10.400 75
10.400 83
10.400 91
10.400 99
10.400 107
10.400 115
10.400 123
10.400 131
10.400 139
10.400 147
10.900 19
10.900 27
14.000 3107
14.000 3115
14.100 187
14.100 195
14.100 3083
14.100 3131
14.200 19
14.200 27
14.200 3091
14.200 3123
14.300 3099
14.500 3
14.500 11
14.800 115
15.000 139
15.100 83
15.100 91
15.100 147
15.200 75
15.200 99
15.200 131
15.300 107
15.400 123
