5.000 3170
5.000 3178
5.000 3186
5.000 3194
5.000 3202
5.000 3210
5.000 3218
5.000 3226
5.000 3234
5.000 3242
5.000 3250
5.000 3258
5.000 3266
5.000 3274
5.000 3282
5.000 3290
5.000 3298
5.000 3306
5.000 3314
5.000 3322
5.000 3330
5.000 3338
5.000 3346
5.000 3354
5.000 3362
5.000 3370
5.000 3378
5.000 3386
5.000 3394
5.000 3402
5.000 3410
5.000 3418
5.000 3426
5.000 3434
5.000 3442
5.000 3450
5.000 3458
5.000 3466
5.000 3474
5.000 3482
5.000 3490
5.000 3498
5.000 3506
5.000 3514
5.000 3522
5.000 3530
5.000 3538
5.000 3546
5.000 3554
5.000 3562
5.000 3570
5.000 3578
5.000 3586
5.000 3594
5.000 3602
5.000 3610
5.000 3618
5.000 3626
5.000 3634
5.000 3642
5.000 3650
5.000 3658
5.000 3666
5.000 3674
5.000 3682
5.000 3690
5.000 3698
5.000 3706
5.000 3714
5.000 3722
5.000 3730
5.000 3738
5.000 3746
5.000 3754
5.000 3762
5.000 3770
5.000 3778
5.000 3786
5.000 3794
5.000 3802
5.000 3810
5.000 3818
5.000 3826
5.000 3834
5.000 3842
5.000 3850
5.000 3858
5.000 3866
5.000 3874
5.000 3882
5.000 3890
5.000 3898
5.000 3906
5.000 3914
5.000 3922
5.000 3930
5.000 3938
5.000 3946
5.000 3954
5.000 3962
5.000 3970
5.000 3978
5.000 3986
5.000 3994
5.000 4002
5.000 4010
5.000 4018
5.000 4026
5.000 4034
5.000 4042
5.000 4050
5.000 4058
5.000 4066
5.000 4074
5.000 4082
5.000 4090
5.000 4098
5.000 4106
5.000 4114
5.000 4122
5.000 4130
5.000 4138
5.000 4146
5.000 4154
5.000 4162
5.000 4170
5.000 4178
5.000 4186
5.000 4194
5.000 4202
5.000 4210
5.000 4218
5.000 4226
5.000 4234
5.000 4242
5.000 4250
5.000 4258
5.000 4266
5.000 4274
5.000 4282
5.000 4290
5.000 4298
5.000 4306
5.000 4314
5.000 4322
5.000 4330
5.000 4338
5.000 4346
5.000 4354
5.000 4362
5.000 4370
5.000 4378
5.000 4386
5.000 4394
5.000 4402
5.000 4410
5.000 4418
5.000 4426
5.000 4434
5.000 4442
5.000 4450
5.000 4458
5.000 4466
5.000 4474
5.000 4482
5.000 4490
5.000 4498
5.000 4506
5.000 4514
5.000 4522
5.000 4530
5.000 4538
5.000 4546
5.000 4554
5.000 4562
5.000 4570
5.000 4578
5.000 4586
5.000 4594
5.000 4602
5.000 4610
5.000 4618
5.000 4626
5.000 4634
5.000 4642
5.000 4650
5.000 4658
5.000 4666
5.000 4674
5.000 4682
5.000 4690
5.000 4698
5.000 4706
5.000 4714
5.000 4722
5.000 4730
5.000 4738
5.000 4746
5.000 4754
5.000 4762
5.000 4770
5.000 4778
5.000 4786
5.000 4794
5.000 4802
5.000 4810
5.000 4818
5.000 4826
5.000 4834
5.000 4842
5.000 4850
5.000 4858
5.000 4866
5.000 4874
5.000 4882
5.000 4890
5.000 4898
5.000 4906
5.000 4914
5.000 4922
5.000 4930
5.000 4938
5.000 4946
5.000 4954
5.000 4962
5.000 4970
5.000 4978
5.000 4986
5.000 4994
5.000 5002
5.000 5010
5.000 3146
5.000 3154
5.000 3162
9.200 42
9.200 50
9.200 58
9.200 66
9.400 3138
9.900 3082
9.900 3090
9.900 3098
9.900 3106
9.900 3114
9.900 3122
9.900 3130
10.000 2
10.100 10
10.100 610
10.200 202
10.200 210
10.200 218
10.200 226
10.200 234
10.200 242
10.200 250
10.200 258
10.200 266
10.200 274
10.200 282
10.200 290
10.200 306
10.200 314
10.200 322
10.200 330
10.200 338
10.200 346
10.200 378
10.200 386
10.200 402
10.200 410
10.200 418
10.200 426
10.200 434
10.200 442
10.200 450
10.200 458
10.200 466
10.200 474
10.200 482
10.200 498
10.200 522
10.200 530
10.200 538
10.200 546
10.200 554
10.200 562
10.200 570
10.200 578
10.200 586
10.200 602
10.200 618
10.200 634
10.200 642
10.200 650
10.200 658
10.200 666
10.200 674
10.200 682
10.200 690
10.200 698
10.200 714
10.200 722
10.200 730
10.200 738
10.200 746
10.200 754
10.200 762
10.200 770
10.200 778
10.200 786
10.200 802
10.200 810
10.200 818
10.200 826
10.200 834
10.200 842
10.200 850
10.200 858
10.200 874
10.200 890
10.200 898
10.200 906
10.200 922
10.200 930
10.200 946
10.200 954
10.200 962
10.200 970
10.200 978
10.200 986
10.200 994
10.200 1002
10.200 1010
10.200 1018
10.200 1026
10.200 1042
10.200 1050
10.200 1058
10.200 1066
10.200 1074
10.200 1082
10.200 1090
10.200 1098
10.200 1106
10.200 1114
10.200 1122
10.200 1138
10.200 1146
10.200 1154
10.200 1170
10.200 1178
10.200 1186
10.200 1194
10.200 1202
10.200 1210
10.200 1218
10.200 1226
10.200 1234
10.200 1242
10.200 1250
10.200 1258
10.200 1266
10.200 1274
10.200 1282
10.200 1290
10.200 1298
10.200 1306
10.200 1322
10.200 1330
10.200 1338
10.200 1346
10.200 1354
10.200 1362
10.200 1370
10.200 1378
10.200 1394
10.200 1402
10.200 1410
10.200 1418
10.200 1426
10.200 1434
10.200 1450
10.200 1458
10.200 1482
10.200 1490
10.200 1498
10.200 1506
10.200 1514
10.200 1522
10.200 1530
10.200 1538
10.200 1546
10.200 1562
10.200 1570
10.200 1578
10.200 1602
10.200 1618
10.200 1642
10.200 1658
10.200 1666
10.200 1674
10.200 1682
10.200 1690
10.200 1698
10.200 1706
10.200 1714
10.200 1722
10.200 1730
10.200 1738
10.200 1746
10.200 1754
10.200 1762
10.200 1778
10.200 1786
10.200 1802
10.200 1826
10.200 1834
10.200 1842
10.200 1850
10.200 1858
10.200 1874
10.200 1882
10.200 1898
10.200 1914
10.200 1922
10.200 1930
10.200 1938
10.200 1946
10.200 1962
10.200 1978
10.200 1986
10.200 2002
10.200 2010
10.200 2018
10.200 2026
10.200 2034
10.200 2050
10.200 2058
10.200 2066
10.200 2082
10.200 2090
10.200 2098
10.200 2106
10.200 2114
10.200 2122
10.200 2130
10.200 2138
10.200 2146
10.200 2154
10.200 2178
10.200 2186
10.200 2194
10.200 2202
10.200 2210
10.200 2226
10.200 2234
10.200 2242
10.200 2250
10.200 2258
10.200 2266
10.200 2274
10.200 2282
10.200 2290
10.200 2298
10.200 2306
10.200 2314
10.200 2322
10.200 2330
10.200 2346
10.200 2362
10.200 2370
10.200 2386
10.200 2418
10.200 2426
10.200 2434
10.200 2442
10.200 2458
10.200 2466
10.200 2482
10.200 2490
10.200 2498
10.200 2506
10.200 2522
10.200 2538
10.200 2546
10.200 2554
10.200 2562
10.200 2570
10.200 2586
10.200 2594
10.200 2610
10.200 2626
10.200 2634
10.200 2650
10.200 2658
10.200 2666
10.200 2674
10.200 2690
10.200 2698
10.200 2706
10.200 2714
10.200 2722
10.200 2730
10.200 2738
10.200 2746
10.200 2754
10.200 2762
10.200 2770
10.200 2778
10.200 2786
10.200 2794
10.200 2802
10.200 2810
10.200 2818
10.200 2826
10.200 2834
10.200 2842
10.200 2850
10.200 2858
10.200 2866
10.200 2874
10.200 2890
10.200 2922
10.200 2930
10.200 2938
10.200 2946
10.200 2954
10.200 2962
10.200 2970
10.200 2978
10.200 2986
10.200 2994
10.200 3002
10.200 3010
10.200 3018
10.200 3034
10.200 3042
10.200 3058
10.200 3066
10.200 3074
10.300 298
10.300 354
10.300 362
10.300 370
10.300 394
10.300 490
10.300 506
10.300 514
10.300 594
10.300 626
10.300 706
10.300 794
10.300 866
10.300 882
10.300 914
10.300 938
10.300 1034
10.300 1130
10.300 1162
10.300 1314
10.300 1386
10.300 1442
10.300 1466
10.300 1474
10.300 1554
10.300 1586
10.300 1594
10.300 1610
10.300 1626
10.300 1634
10.300 1650
10.300 1770
10.300 1794
10.300 1810
10.300 1818
10.300 1866
10.300 1890
10.300 1906
10.300 1954
10.300 1970
10.300 1994
10.300 2042
10.300 2074
10.300 2162
10.300 2170
10.300 2218
10.300 2338
10.300 2354
10.300 2378
10.300 2394
10.300 2402
10.300 2410
10.300 2450
10.300 2474
10.300 2514
10.300 2530
10.300 2578
10.300 2602
10.300 2618
10.300 2642
10.300 2682
10.300 2882
10.300 2898
10.300 2906
10.300 2914
10.300 3026
10.300 3050
10.400 74
10.400 82
10.400 90
10.400 98
10.400 106
10.400 114
10.400 122
10.400 130
10.400 138
10.400 146
10.800 18
10.900 26
10.900 34
14.000 186
14.000 3106
14.000 3114
14.100 194
14.200 18
14.200 26
14.200 34
14.200 3082
14.200 3090
14.200 3130
14.300 3098
14.300 3122
14.500 2
14.700 10
14.800 114
15.100 90
15.100 146
15.200 74
15.200 82
15.200 98
15.200 130
15.200 138
15.400 106
15.400 122
19.800 2
