5.000 3169
5.000 3177
5.000 3185
5.000 3193
5.000 3201
5.000 3209
5.000 3217
5.000 3225
5.000 3233
5.000 3241
5.000 3249
5.000 3257
5.000 3265
5.000 3273
5.000 3281
5.000 3289
5.000 3297
5.000 3305
5.000 3313
5.000 3321
5.000 3329
5.000 3337
5.000 3345
5.000 3353
5.000 3361
5.000 3369
5.000 3377
5.000 3385
5.000 3393
5.000 3401
5.000 3409
5.000 3417
5.000 3425
5.000 3433
5.000 3441
5.000 3449
5.000 3457
5.000 3465
5.000 3473
5.000 3481
5.000 3489
5.000 3497
5.000 3505
5.000 3513
5.000 3521
5.000 3529
5.000 3537
5.000 3545
5.000 3553
5.000 3561
5.000 3569
5.000 3577
5.000 3585
5.000 3593
5.000 3601
5.000 3609
5.000 3617
5.000 3625
5.000 3633
5.000 3641
5.000 3649
5.000 3657
5.000 3665
5.000 3673
5.000 3681
5.000 3689
5.000 3697
5.000 3705
5.000 3713
5.000 3721
5.000 3729
5.000 3737
5.000 3745
5.000 3753
5.000 3761
5.000 3769
5.000 3777
5.000 3785
5.000 3793
5.000 3801
5.000 3809
5.000 3817
5.000 3825
5.000 3833
5.000 3841
5.000 3849
5.000 3857
5.000 3865
5.000 3873
5.000 3881
5.000 3889
5.000 3897
5.000 3905
5.000 3913
5.000 3921
5.000 3929
5.000 3937
5.000 3945
5.000 3953
5.000 3961
5.000 3969
5.000 3977
5.000 3985
5.000 3993
5.000 4001
5.000 4009
5.000 4017
5.000 4025
5.000 4033
5.000 4041
5.000 4049
5.000 4057
5.000 4065
5.000 4073
5.000 4081
5.000 4089
5.000 4097
5.000 4105
5.000 4113
5.000 4121
5.000 4129
5.000 4137
5.000 4145
5.000 4153
5.000 4161
5.000 4169
5.000 4177
5.000 4185
5.000 4193
5.000 4201
5.000 4209
5.000 4217
5.000 4225
5.000 4233
5.000 4241
5.000 4249
5.000 4257
5.000 4265
5.000 4273
5.000 4281
5.000 4289
5.000 4297
5.000 4305
5.000 4313
5.000 4321
5.000 4329
5.000 4337
5.000 4345
5.000 4353
5.000 4361
5.000 4369
5.000 4377
5.000 4385
5.000 4393
5.000 4401
5.000 4409
5.000 4417
5.000 4425
5.000 4433
5.000 4441
5.000 4449
5.000 4457
5.000 4465
5.000 4473
5.000 4481
5.000 4489
5.000 4497
5.000 4505
5.000 4513
5.000 4521
5.000 4529
5.000 4537
5.000 4545
5.000 4553
5.000 4561
5.000 4569
5.000 4577
5.000 4585
5.000 4593
5.000 4601
5.000 4609
5.000 4617
5.000 4625
5.000 4633
5.000 4641
5.000 4649
5.000 4657
5.000 4665
5.000 4673
5.000 4681
5.000 4689
5.000 4697
5.000 4705
5.000 4713
5.000 4721
5.000 4729
5.000 4737
5.000 4745
5.000 4753
5.000 4761
5.000 4769
5.000 4777
5.000 4785
5.000 4793
5.000 4801
5.000 4809
5.000 4817
5.000 4825
5.000 4833
5.000 4841
5.000 4849
5.000 4857
5.000 4865
5.000 4873
5.000 4881
5.000 4889
5.000 4897
5.000 4905
5.000 4913
5.000 4921
5.000 4929
5.000 4937
5.000 4945
5.000 4953
5.000 4961
5.000 4969
5.000 4977
5.000 4985
5.000 4993
5.000 5001
5.000 5009
5.000 3145
5.000 3153
5.000 3161
9.200 41
9.200 49
9.200 57
9.200 65
9.400 3137
9.900 3081
9.900 3089
9.900 3097
9.900 3105
9.900 3113
9.900 3121
9.900 3129
10.100 1
10.100 9
10.100 569
10.200 209
10.200 217
10.200 225
10.200 233
10.200 241
10.200 249
10.200 257
10.200 265
10.200 273
10.200 289
10.200 305
10.200 313
10.200 321
10.200 329
10.200 345
10.200 353
10.200 377
10.200 385
10.200 401
10.200 409
10.200 417
10.200 425
10.200 433
10.200 441
10.200 457
10.200 465
10.200 473
10.200 481
10.200 489
10.200 497
10.200 521
10.200 537
10.200 545
10.200 553
10.200 561
10.200 577
10.200 585
10.200 593
10.200 625
10.200 657
10.200 665
10.200 689
10.200 705
10.200 713
10.200 721
10.200 729
10.200 737
10.200 745
10.200 753
10.200 761
10.200 769
10.200 777
10.200 785
10.200 793
10.200 801
10.200 809
10.200 817
10.200 825
10.200 841
10.200 857
10.200 865
10.200 873
10.200 881
10.200 889
10.200 897
10.200 905
10.200 921
10.200 929
10.200 937
10.200 945
10.200 961
10.200 969
10.200 985
10.200 993
10.200 1001
10.200 1009
10.200 1017
10.200 1025
10.200 1033
10.200 1049
10.200 1057
10.200 1065
10.200 1073
10.200 1081
10.200 1089
10.200 1097
10.200 1105
10.200 1113
10.200 1121
10.200 1129
10.200 1137
10.200 1145
10.200 1161
10.200 1177
10.200 1185
10.200 1193
10.200 1201
10.200 1209
10.200 1217
10.200 1225
10.200 1233
10.200 1241
10.200 1249
10.200 1257
10.200 1265
10.200 1273
10.200 1281
10.200 1289
10.200 1297
10.200 1313
10.200 1321
10.200 1329
10.200 1337
10.200 1353
10.200 1361
10.200 1369
10.200 1377
10.200 1385
10.200 1393
10.200 1401
10.200 1409
10.200 1417
10.200 1425
10.200 1441
10.200 1449
10.200 1457
10.200 1465
10.200 1473
10.200 1481
10.200 1489
10.200 1505
10.200 1513
10.200 1521
10.200 1553
10.200 1561
10.200 1569
10.200 1577
10.200 1585
10.200 1601
10.200 1609
10.200 1617
10.200 1633
10.200 1641
10.200 1649
10.200 1657
10.200 1665
10.200 1673
10.200 1689
10.200 1697
10.200 1705
10.200 1737
10.200 1745
10.200 1753
10.200 1761
10.200 1769
10.200 1777
10.200 1785
10.200 1801
10.200 1817
10.200 1825
10.200 1841
10.200 1849
10.200 1857
10.200 1865
10.200 1873
10.200 1881
10.200 1889
10.200 1897
10.200 1905
10.200 1913
10.200 1921
10.200 1929
10.200 1937
10.200 1961
10.200 1969
10.200 1993
10.200 2001
10.200 2009
10.200 2017
10.200 2025
10.200 2041
10.200 2049
10.200 2057
10.200 2065
10.200 2073
10.200 2081
10.200 2089
10.200 2097
10.200 2105
10.200 2113
10.200 2129
10.200 2137
10.200 2153
10.200 2161
10.200 2177
10.200 2185
10.200 2193
10.200 2201
10.200 2209
10.200 2217
10.200 2233
10.200 2241
10.200 2249
10.200 2265
10.200 2273
10.200 2281
10.200 2289
10.200 2297
10.200 2305
10.200 2321
10.200 2329
10.200 2337
10.200 2353
10.200 2369
10.200 2377
10.200 2385
10.200 2393
10.200 2401
10.200 2433
10.200 2441
10.200 2449
10.200 2457
10.200 2465
10.200 2473
10.200 2481
10.200 2489
10.200 2497
10.200 2505
10.200 2513
10.200 2537
10.200 2545
10.200 2553
10.200 2561
10.200 2569
10.200 2585
10.200 2593
10.200 2601
10.200 2609
10.200 2625
10.200 2633
10.200 2641
10.200 2649
10.200 2657
10.200 2665
10.200 2673
10.200 2689
10.200 2697
10.200 2705
10.200 2721
10.200 2729
10.200 2737
10.200 2753
10.200 2769
10.200 2785
10.200 2793
10.200 2801
10.200 2825
10.200 2833
10.200 2849
10.200 2857
10.200 2865
10.200 2873
10.200 2881
10.200 2889
10.200 2905
10.200 2913
10.200 2929
10.200 2937
10.200 2945
10.200 2953
10.200 2961
10.200 2969
10.200 2977
10.200 2985
10.200 2993
10.200 3001
10.200 3009
10.200 3017
10.200 3025
10.200 3033
10.200 3065
10.200 3073
10.300 201
10.300 281
10.300 297
10.300 337
10.300 361
10.300 369
10.300 393
10.300 449
10.300 505
10.300 513
10.300 529
10.300 601
10.300 609
10.300 617
10.300 633
10.300 641
10.300 649
10.300 673
10.300 681
10.300 697
10.300 833
10.300 849
10.300 913
10.300 953
10.300 977
10.300 1041
10.300 1153
10.300 1169
10.300 1305
10.300 1345
10.300 1433
10.300 1497
10.300 1529
10.300 1537
10.300 1545
10.300 1593
10.300 1625
10.300 1681
10.300 1713
10.300 1721
10.300 1729
10.300 1793
10.300 1809
10.300 1833
10.300 1945
10.300 1953
10.300 1977
10.300 1985
10.300 2033
10.300 2121
10.300 2145
10.300 2169
10.300 2225
10.300 2257
10.300 2313
10.300 2345
10.300 2361
10.300 2409
10.300 2417
10.300 2425
10.300 2521
10.300 2529
10.300 2577
10.300 2617
10.300 2681
10.300 2713
10.300 2745
10.300 2761
10.300 2777
10.300 2809
10.300 2817
10.300 2841
10.300 2897
10.300 2921
10.300 3041
10.300 3049
10.300 3057
10.400 73
10.400 81
10.400 89
10.400 97
10.400 105
10.400 113
10.400 121
10.400 129
10.400 137
10.400 145
10.400 153
10.800 17
10.800 25
10.900 33
14.000 3113
14.100 17
14.100 25
14.100 33
14.100 193
14.100 3105
14.200 3081
14.200 3089
14.200 3097
14.200 3121
14.200 3129
14.500 1
14.500 9
14.800 113
15.100 81
15.100 89
15.100 97
15.100 153
15.200 73
15.200 137
15.200 145
15.300 105
15.300 129
15.400 121
