5.000 3164
5.000 3172
5.000 3180
5.000 3188
5.000 3196
5.000 3204
5.000 3212
5.000 3220
5.000 3228
5.000 3236
5.000 3244
5.000 3252
5.000 3260
5.000 3268
5.000 3276
5.000 3284
5.000 3292
5.000 3300
5.000 3308
5.000 3316
5.000 3324
5.000 3332
5.000 3340
5.000 3348
5.000 3356
5.000 3364
5.000 3372
5.000 3380
5.000 3388
5.000 3396
5.000 3404
5.000 3412
5.000 3420
5.000 3428
5.000 3436
5.000 3444
5.000 3452
5.000 3460
5.000 3468
5.000 3476
5.000 3484
5.000 3492
5.000 3500
5.000 3508
5.000 3516
5.000 3524
5.000 3532
5.000 3540
5.000 3548
5.000 3556
5.000 3564
5.000 3572
5.000 3580
5.000 3588
5.000 3596
5.000 3604
5.000 3612
5.000 3620
5.000 3628
5.000 3636
5.000 3644
5.000 3652
5.000 3660
5.000 3668
5.000 3676
5.000 3684
5.000 3692
5.000 3700
5.000 3708
5.000 3716
5.000 3724
5.000 3732
5.000 3740
5.000 3748
5.000 3756
5.000 3764
5.000 3772
5.000 3780
5.000 3788
5.000 3796
5.000 3804
5.000 3812
5.000 3820
5.000 3828
5.000 3836
5.000 3844
5.000 3852
5.000 3860
5.000 3868
5.000 3876
5.000 3884
5.000 3892
5.000 3900
5.000 3908
5.000 3916
5.000 3924
5.000 3932
5.000 3940
5.000 3948
5.000 3956
5.000 3964
5.000 3972
5.000 3980
5.000 3988
5.000 3996
5.000 4004
5.000 4012
5.000 4020
5.000 4028
5.000 4036
5.000 4044
5.000 4052
5.000 4060
5.000 4068
5.000 4076
5.000 4084
5.000 4092
5.000 4100
5.000 4108
5.000 4116
5.000 4124
5.000 4132
5.000 4140
5.000 4148
5.000 4156
5.000 4164
5.000 4172
5.000 4180
5.000 4188
5.000 4196
5.000 4204
5.000 4212
5.000 4220
5.000 4228
5.000 4236
5.000 4244
5.000 4252
5.000 4260
5.000 4268
5.000 4276
5.000 4284
5.000 4292
5.000 4300
5.000 4308
5.000 4316
5.000 4324
5.000 4332
5.000 4340
5.000 4348
5.000 4356
5.000 4364
5.000 4372
5.000 4380
5.000 4388
5.000 4396
5.000 4404
5.000 4412
5.000 4420
5.000 4428
5.000 4436
5.000 4444
5.000 4452
5.000 4460
5.000 4468
5.000 4476
5.000 4484
5.000 4492
5.000 4500
5.000 4508
5.000 4516
5.000 4524
5.000 4532
5.000 4540
5.000 4548
5.000 4556
5.000 4564
5.000 4572
5.000 4580
5.000 4588
5.000 4596
5.000 4604
5.000 4612
5.000 4620
5.000 4628
5.000 4636
5.000 4644
5.000 4652
5.000 4660
5.000 4668
5.000 4676
5.000 4684
5.000 4692
5.000 4700
5.000 4708
5.000 4716
5.000 4724
5.000 4732
5.000 4740
5.000 4748
5.000 4756
5.000 4764
5.000 4772
5.000 4780
5.000 4788
5.000 4796
5.000 4804
5.000 4812
5.000 4820
5.000 4828
5.000 4836
5.000 4844
5.000 4852
5.000 4860
5.000 4868
5.000 4876
5.000 4884
5.000 4892
5.000 4900
5.000 4908
5.000 4916
5.000 4924
5.000 4932
5.000 4940
5.000 4948
5.000 4956
5.000 4964
5.000 4972
5.000 4980
5.000 4988
5.000 4996
5.000 5004
5.000 3140
5.000 3148
5.000 3156
9.200 36
9.200 44
9.200 52
9.200 60
9.200 68
9.900 3084
9.900 3092
9.900 3100
9.900 3108
9.900 3116
9.900 3124
9.900 3132
10.000 4
10.000 12
10.100 204
10.100 1132
10.200 212
10.200 220
10.200 236
10.200 252
10.200 260
10.200 268
10.200 276
10.200 284
10.200 292
10.200 300
10.200 308
10.200 324
10.200 332
10.200 348
10.200 356
10.200 364
10.200 372
10.200 380
10.200 388
10.200 404
10.200 412
10.200 420
10.200 428
10.200 444
10.200 452
10.200 460
10.200 468
10.200 492
10.200 508
10.200 516
10.200 524
10.200 532
10.200 540
10.200 548
10.200 564
10.200 572
10.200 588
10.200 596
10.200 604
10.200 612
10.200 620
10.200 628
10.200 636
10.200 644
10.200 652
10.200 668
10.200 676
10.200 684
10.200 692
10.200 700
10.200 708
10.200 716
10.200 724
10.200 732
10.200 740
10.200 748
10.200 756
10.200 764
10.200 780
10.200 788
10.200 796
10.200 820
10.200 828
10.200 836
10.200 844
10.200 852
10.200 860
10.200 876
10.200 884
10.200 892
10.200 900
10.200 908
10.200 916
10.200 924
10.200 940
10.200 948
10.200 956
10.200 964
10.200 972
10.200 980
10.200 988
10.200 1004
10.200 1020
10.200 1028
10.200 1036
10.200 1044
10.200 1060
10.200 1076
10.200 1084
10.200 1100
10.200 1108
10.200 1124
10.200 1140
10.200 1148
10.200 1156
10.200 1164
10.200 1172
10.200 1188
10.200 1196
10.200 1212
10.200 1220
10.200 1236
10.200 1244
10.200 1260
10.200 1268
10.200 1276
10.200 1284
10.200 1292
10.200 1300
10.200 1308
10.200 1324
10.200 1332
10.200 1340
10.200 1348
10.200 1356
10.200 1364
10.200 1372
10.200 1380
10.200 1396
10.200 1412
10.200 1420
10.200 1428
10.200 1436
10.200 1460
10.200 1468
10.200 1476
10.200 1484
10.200 1492
10.200 1500
10.200 1508
10.200 1516
10.200 1532
10.200 1540
10.200 1556
10.200 1564
10.200 1572
10.200 1588
10.200 1596
10.200 1604
10.200 1612
10.200 1620
10.200 1636
10.200 1644
10.200 1668
10.200 1676
10.200 1684
10.200 1692
10.200 1700
10.200 1708
10.200 1716
10.200 1724
10.200 1732
10.200 1740
10.200 1748
10.200 1756
10.200 1772
10.200 1780
10.200 1788
10.200 1796
10.200 1804
10.200 1812
10.200 1820
10.200 1828
10.200 1836
10.200 1844
10.200 1860
10.200 1868
10.200 1876
10.200 1884
10.200 1892
10.200 1908
10.200 1916
10.200 1924
10.200 1932
10.200 1940
10.200 1948
10.200 1956
10.200 1964
10.200 1972
10.200 1980
10.200 1996
10.200 2004
10.200 2012
10.200 2020
10.200 2036
10.200 2044
10.200 2052
10.200 2060
10.200 2068
10.200 2076
10.200 2084
10.200 2092
10.200 2100
10.200 2108
10.200 2116
10.200 2124
10.200 2132
10.200 2148
10.200 2156
10.200 2164
10.200 2172
10.200 2180
10.200 2196
10.200 2204
10.200 2212
10.200 2228
10.200 2236
10.200 2252
10.200 2260
10.200 2268
10.200 2276
10.200 2284
10.200 2300
10.200 2308
10.200 2316
10.200 2324
10.200 2332
10.200 2340
10.200 2348
10.200 2356
10.200 2364
10.200 2372
10.200 2380
10.200 2388
10.200 2396
10.200 2404
10.200 2412
10.200 2420
10.200 2428
10.200 2436
10.200 2452
10.200 2460
10.200 2468
10.200 2476
10.200 2484
10.200 2492
10.200 2508
10.200 2524
10.200 2532
10.200 2540
10.200 2548
10.200 2556
10.200 2564
10.200 2572
10.200 2580
10.200 2588
10.200 2596
10.200 2612
10.200 2628
10.200 2636
10.200 2644
10.200 2668
10.200 2676
10.200 2684
10.200 2692
10.200 2700
10.200 2708
10.200 2716
10.200 2724
10.200 2732
10.200 2756
10.200 2764
10.200 2772
10.200 2780
10.200 2796
10.200 2804
10.200 2812
10.200 2820
10.200 2828
10.200 2844
10.200 2852
10.200 2860
10.200 2868
10.200 2876
10.200 2884
10.200 2892
10.200 2900
10.200 2908
10.200 2916
10.200 2924
10.200 2932
10.200 2940
10.200 2948
10.200 2956
10.200 2964
10.200 2972
10.200 2980
10.200 2988
10.200 2996
10.200 3004
10.200 3012
10.200 3028
10.200 3036
10.200 3044
10.200 3052
10.200 3068
10.200 3076
10.300 228
10.300 244
10.300 316
10.300 340
10.300 396
10.300 436
10.300 476
10.300 484
10.300 500
10.300 556
10.300 580
10.300 660
10.300 772
10.300 804
10.300 812
10.300 868
10.300 932
10.300 996
10.300 1012
10.300 1052
10.300 1068
10.300 1092
10.300 1116
10.300 1180
10.300 1204
10.300 1228
10.300 1252
10.300 1316
10.300 1388
10.300 1404
10.300 1444
10.300 1452
10.300 1524
10.300 1548
10.300 1580
10.300 1628
10.300 1652
10.300 1660
10.300 1764
10.300 1852
10.300 1900
10.300 1988
10.300 2028
10.300 2140
10.300 2188
10.300 2220
10.300 2244
10.300 2292
10.300 2444
10.300 2500
10.300 2516
10.300 2604
10.300 2620
10.300 2652
10.300 2660
10.300 2740
10.300 2748
10.300 2788
10.300 2836
10.300 3020
10.300 3060
10.400 76
10.400 84
10.400 92
10.400 100
10.400 108
10.400 116
10.400 124
10.400 132
10.400 140
10.400 148
10.900 20
10.900 28
14.000 3108
14.000 3116
14.100 188
14.100 196
14.100 3084
14.100 3132
14.200 20
14.200 28
14.200 3124
14.300 3092
14.300 3100
14.400 4
14.400 12
14.800 116
15.000 84
15.100 92
15.100 132
15.100 140
15.100 148
15.200 76
15.200 100
15.300 108
15.400 124
19.800 12
