5.000 3165
5.000 3173
5.000 3181
5.000 3189
5.000 3197
5.000 3205
5.000 3213
5.000 3221
5.000 3229
5.000 3237
5.000 3245
5.000 3253
5.000 3261
5.000 3269
5.000 3277
5.000 3285
5.000 3293
5.000 3301
5.000 3309
5.000 3317
5.000 3325
5.000 3333
5.000 3341
5.000 3349
5.000 3357
5.000 3365
5.000 3373
5.000 3381
5.000 3389
5.000 3397
5.000 3405
5.000 3413
5.000 3421
5.000 3429
5.000 3437
5.000 3445
5.000 3453
5.000 3461
5.000 3469
5.000 3477
5.000 3485
5.000 3493
5.000 3501
5.000 3509
5.000 3517
5.000 3525
5.000 3533
5.000 3541
5.000 3549
5.000 3557
5.000 3565
5.000 3573
5.000 3581
5.000 3589
5.000 3597
5.000 3605
5.000 3613
5.000 3621
5.000 3629
5.000 3637
5.000 3645
5.000 3653
5.000 3661
5.000 3669
5.000 3677
5.000 3685
5.000 3693
5.000 3701
5.000 3709
5.000 3717
5.000 3725
5.000 3733
5.000 3741
5.000 3749
5.000 3757
5.000 3765
5.000 3773
5.000 3781
5.000 3789
5.000 3797
5.000 3805
5.000 3813
5.000 3821
5.000 3829
5.000 3837
5.000 3845
5.000 3853
5.000 3861
5.000 3869
5.000 3877
5.000 3885
5.000 3893
5.000 3901
5.000 3909
5.000 3917
5.000 3925
5.000 3933
5.000 3941
5.000 3949
5.000 3957
5.000 3965
5.000 3973
5.000 3981
5.000 3989
5.000 3997
5.000 4005
5.000 4013
5.000 4021
5.000 4029
5.000 4037
5.000 4045
5.000 4053
5.000 4061
5.000 4069
5.000 4077
5.000 4085
5.000 4093
5.000 4101
5.000 4109
5.000 4117
5.000 4125
5.000 4133
5.000 4141
5.000 4149
5.000 4157
5.000 4165
5.000 4173
5.000 4181
5.000 4189
5.000 4197
5.000 4205
5.000 4213
5.000 4221
5.000 4229
5.000 4237
5.000 4245
5.000 4253
5.000 4261
5.000 4269
5.000 4277
5.000 4285
5.000 4293
5.000 4301
5.000 4309
5.000 4317
5.000 4325
5.000 4333
5.000 4341
5.000 4349
5.000 4357
5.000 4365
5.000 4373
5.000 4381
5.000 4389
5.000 4397
5.000 4405
5.000 4413
5.000 4421
5.000 4429
5.000 4437
5.000 4445
5.000 4453
5.000 4461
5.000 4469
5.000 4477
5.000 4485
5.000 4493
5.000 4501
5.000 4509
5.000 4517
5.000 4525
5.000 4533
5.000 4541
5.000 4549
5.000 4557
5.000 4565
5.000 4573
5.000 4581
5.000 4589
5.000 4597
5.000 4605
5.000 4613
5.000 4621
5.000 4629
5.000 4637
5.000 4645
5.000 4653
5.000 4661
5.000 4669
5.000 4677
5.000 4685
5.000 4693
5.000 4701
5.000 4709
5.000 4717
5.000 4725
5.000 4733
5.000 4741
5.000 4749
5.000 4757
5.000 4765
5.000 4773
5.000 4781
5.000 4789
5.000 4797
5.000 4805
5.000 4813
5.000 4821
5.000 4829
5.000 4837
5.000 4845
5.000 4853
5.000 4861
5.000 4869
5.000 4877
5.000 4885
5.000 4893
5.000 4901
5.000 4909
5.000 4917
5.000 4925
5.000 4933
5.000 4941
5.000 4949
5.000 4957
5.000 4965
5.000 4973
5.000 4981
5.000 4989
5.000 4997
5.000 5005
5.000 3141
5.000 3149
5.000 3157
9.200 37
9.200 45
9.200 53
9.200 61
9.200 69
9.900 3085
9.900 3093
9.900 3101
9.900 3109
9.900 3117
9.900 3125
9.900 3133
10.000 5
10.000 13
10.200 205
10.200 213
10.200 221
10.200 229
10.200 237
10.200 245
10.200 253
10.200 261
10.200 269
10.200 277
10.200 285
10.200 293
10.200 301
10.200 309
10.200 317
10.200 325
10.200 333
10.200 341
10.200 349
10.200 357
10.200 373
10.200 397
10.200 405
10.200 413
10.200 421
10.200 437
10.200 445
10.200 461
10.200 469
10.200 477
10.200 485
10.200 493
10.200 501
10.200 509
10.200 541
10.200 549
10.200 557
10.200 565
10.200 573
10.200 581
10.200 589
10.200 597
10.200 605
10.200 613
10.200 621
10.200 629
10.200 637
10.200 645
10.200 653
10.200 661
10.200 669
10.200 677
10.200 685
10.200 693
10.200 701
10.200 725
10.200 733
10.200 741
10.200 749
10.200 757
10.200 773
10.200 781
10.200 789
10.200 797
10.200 813
10.200 821
10.200 829
10.200 837
10.200 861
10.200 869
10.200 877
10.200 885
10.200 893
10.200 901
10.200 909
10.200 917
10.200 933
10.200 941
10.200 957
10.200 973
10.200 981
10.200 989
10.200 997
10.200 1005
10.200 1029
10.200 1037
10.200 1045
10.200 1053
10.200 1061
10.200 1069
10.200 1077
10.200 1085
10.200 1093
10.200 1101
10.200 1109
10.200 1117
10.200 1125
10.200 1133
10.200 1149
10.200 1173
10.200 1181
10.200 1189
10.200 1197
10.200 1205
10.200 1221
10.200 1237
10.200 1253
10.200 1261
10.200 1269
10.200 1277
10.200 1285
10.200 1293
10.200 1301
10.200 1309
10.200 1325
10.200 1333
10.200 1341
10.200 1349
10.200 1357
10.200 1365
10.200 1373
10.200 1389
10.200 1405
10.200 1413
10.200 1421
10.200 1429
10.200 1437
10.200 1453
10.200 1461
10.200 1469
10.200 1477
10.200 1493
10.200 1501
10.200 1517
10.200 1525
10.200 1533
10.200 1541
10.200 1549
10.200 1557
10.200 1565
10.200 1573
10.200 1589
10.200 1597
10.200 1605
10.200 1613
10.200 1621
10.200 1629
10.200 1637
10.200 1645
10.200 1653
10.200 1661
10.200 1669
10.200 1677
10.200 1685
10.200 1693
10.200 1701
10.200 1709
10.200 1725
10.200 1733
10.200 1741
10.200 1757
10.200 1765
10.200 1773
10.200 1781
10.200 1797
10.200 1813
10.200 1829
10.200 1837
10.200 1845
10.200 1853
10.200 1861
10.200 1869
10.200 1877
10.200 1885
10.200 1893
10.200 1901
10.200 1909
10.200 1917
10.200 1925
10.200 1933
10.200 1957
10.200 1965
10.200 1981
10.200 1989
10.200 1997
10.200 2005
10.200 2013
10.200 2021
10.200 2029
10.200 2037
10.200 2053
10.200 2061
10.200 2085
10.200 2109
10.200 2117
10.200 2125
10.200 2133
10.200 2141
10.200 2149
10.200 2157
10.200 2165
10.200 2173
10.200 2181
10.200 2189
10.200 2205
10.200 2213
10.200 2221
10.200 2229
10.200 2237
10.200 2245
10.200 2253
10.200 2261
10.200 2285
10.200 2301
10.200 2317
10.200 2325
10.200 2333
10.200 2341
10.200 2357
10.200 2365
10.200 2373
10.200 2381
10.200 2389
10.200 2397
10.200 2413
10.200 2429
10.200 2437
10.200 2445
10.200 2461
10.200 2469
10.200 2485
10.200 2493
10.200 2501
10.200 2517
10.200 2533
10.200 2541
10.200 2549
10.200 2557
10.200 2565
10.200 2573
10.200 2589
10.200 2597
10.200 2605
10.200 2621
10.200 2637
10.200 2645
10.200 2653
10.200 2661
10.200 2669
10.200 2677
10.200 2685
10.200 2693
10.200 2709
10.200 2717
10.200 2725
10.200 2733
10.200 2741
10.200 2749
10.200 2757
10.200 2765
10.200 2781
10.200 2789
10.200 2797
10.200 2805
10.200 2813
10.200 2821
10.200 2829
10.200 2837
10.200 2845
10.200 2853
10.200 2869
10.200 2885
10.200 2893
10.200 2909
10.200 2917
10.200 2925
10.200 2933
10.200 2941
10.200 2949
10.200 2957
10.200 2973
10.200 2989
10.200 2997
10.200 3029
10.200 3037
10.200 3045
10.200 3053
10.200 3061
10.200 3069
10.200 3077
10.300 365
10.300 381
10.300 389
10.300 429
10.300 453
10.300 517
10.300 525
10.300 533
10.300 709
10.300 717
10.300 765
10.300 805
10.300 845
10.300 853
10.300 925
10.300 949
10.300 965
10.300 1013
10.300 1021
10.300 1141
10.300 1157
10.300 1165
10.300 1213
10.300 1229
10.300 1245
10.300 1317
10.300 1381
10.300 1397
10.300 1445
10.300 1485
10.300 1509
10.300 1581
10.300 1717
10.300 1749
10.300 1789
10.300 1805
10.300 1821
10.300 1941
10.300 1949
10.300 1973
10.300 2045
10.300 2069
10.300 2077
10.300 2093
10.300 2101
10.300 2197
10.300 2269
10.300 2277
10.300 2293
10.300 2309
10.300 2349
10.300 2405
10.300 2421
10.300 2453
10.300 2477
10.300 2509
10.300 2525
10.300 2581
10.300 2613
10.300 2629
10.300 2701
10.300 2773
10.300 2861
10.300 2877
10.300 2901
10.300 2965
10.300 2981
10.300 3005
10.300 3013
10.300 3021
10.400 77
10.400 85
10.400 93
10.400 101
10.400 109
10.400 117
10.400 125
10.400 133
10.400 141
10.400 149
10.800 21
10.900 29
14.000 189
14.000 3109
14.100 21
14.100 197
14.100 3085
14.100 3125
14.100 3133
14.200 29
14.200 3101
14.300 3093
14.300 3117
14.400 13
14.500 5
14.800 117
15.100 77
15.100 85
15.100 133
15.100 149
15.200 93
15.200 141
15.300 101
15.300 109
15.300 125
19.800 13
