5.000 3168
5.000 3176
5.000 3184
5.000 3192
5.000 3200
5.000 3208
5.000 3216
5.000 3224
5.000 3232
5.000 3240
5.000 3248
5.000 3256
5.000 3264
5.000 3272
5.000 3280
5.000 3288
5.000 3296
5.000 3304
5.000 3312
5.000 3320
5.000 3328
5.000 3336
5.000 3344
5.000 3352
5.000 3360
5.000 3368
5.000 3376
5.000 3384
5.000 3392
5.000 3400
5.000 3408
5.000 3416
5.000 3424
5.000 3432
5.000 3440
5.000 3448
5.000 3456
5.000 3464
5.000 3472
5.000 3480
5.000 3488
5.000 3496
5.000 3504
5.000 3512
5.000 3520
5.000 3528
5.000 3536
5.000 3544
5.000 3552
5.000 3560
5.000 3568
5.000 3576
5.000 3584
5.000 3592
5.000 3600
5.000 3608
5.000 3616
5.000 3624
5.000 3632
5.000 3640
5.000 3648
5.000 3656
5.000 3664
5.000 3672
5.000 3680
5.000 3688
5.000 3696
5.000 3704
5.000 3712
5.000 3720
5.000 3728
5.000 3736
5.000 3744
5.000 3752
5.000 3760
5.000 3768
5.000 3776
5.000 3784
5.000 3792
5.000 3800
5.000 3808
5.000 3816
5.000 3824
5.000 3832
5.000 3840
5.000 3848
5.000 3856
5.000 3864
5.000 3872
5.000 3880
5.000 3888
5.000 3896
5.000 3904
5.000 3912
5.000 3920
5.000 3928
5.000 3936
5.000 3944
5.000 3952
5.000 3960
5.000 3968
5.000 3976
5.000 3984
5.000 3992
5.000 4000
5.000 4008
5.000 4016
5.000 4024
5.000 4032
5.000 4040
5.000 4048
5.000 4056
5.000 4064
5.000 4072
5.000 4080
5.000 4088
5.000 4096
5.000 4104
5.000 4112
5.000 4120
5.000 4128
5.000 4136
5.000 4144
5.000 4152
5.000 4160
5.000 4168
5.000 4176
5.000 4184
5.000 4192
5.000 4200
5.000 4208
5.000 4216
5.000 4224
5.000 4232
5.000 4240
5.000 4248
5.000 4256
5.000 4264
5.000 4272
5.000 4280
5.000 4288
5.000 4296
5.000 4304
5.000 4312
5.000 4320
5.000 4328
5.000 4336
5.000 4344
5.000 4352
5.000 4360
5.000 4368
5.000 4376
5.000 4384
5.000 4392
5.000 4400
5.000 4408
5.000 4416
5.000 4424
5.000 4432
5.000 4440
5.000 4448
5.000 4456
5.000 4464
5.000 4472
5.000 4480
5.000 4488
5.000 4496
5.000 4504
5.000 4512
5.000 4520
5.000 4528
5.000 4536
5.000 4544
5.000 4552
5.000 4560
5.000 4568
5.000 4576
5.000 4584
5.000 4592
5.000 4600
5.000 4608
5.000 4616
5.000 4624
5.000 4632
5.000 4640
5.000 4648
5.000 4656
5.000 4664
5.000 4672
5.000 4680
5.000 4688
5.000 4696
5.000 4704
5.000 4712
5.000 4720
5.000 4728
5.000 4736
5.000 4744
5.000 4752
5.000 4760
5.000 4768
5.000 4776
5.000 4784
5.000 4792
5.000 4800
5.000 4808
5.000 4816
5.000 4824
5.000 4832
5.000 4840
5.000 4848
5.000 4856
5.000 4864
5.000 4872
5.000 4880
5.000 4888
5.000 4896
5.000 4904
5.000 4912
5.000 4920
5.000 4928
5.000 4936
5.000 4944
5.000 4952
5.000 4960
5.000 4968
5.000 4976
5.000 4984
5.000 4992
5.000 5000
5.000 5008
5.000 3144
5.000 3152
5.000 3160
9.200 40
9.200 48
9.200 56
9.200 64
9.300 3136
9.900 3088
9.900 3096
9.900 3104
9.900 3112
9.900 3120
9.900 3128
10.000 0
10.000 8
10.100 632
10.200 208
10.200 216
10.200 224
10.200 232
10.200 240
10.200 248
10.200 264
10.200 272
10.200 296
10.200 304
10.200 312
10.200 320
10.200 328
10.200 344
10.200 352
10.200 360
10.200 376
10.200 384
10.200 400
10.200 416
10.200 424
10.200 432
10.200 440
10.200 448
10.200 464
10.200 472
10.200 480
10.200 488
10.200 496
10.200 504
10.200 512
10.200 520
10.200 528
10.200 536
10.200 544
10.200 552
10.200 560
10.200 568
10.200 576
10.200 584
10.200 592
10.200 600
10.200 608
10.200 616
10.200 624
10.200 640
10.200 656
10.200 664
10.200 672
10.200 680
10.200 688
10.200 696
10.200 704
10.200 712
10.200 720
10.200 736
10.200 744
10.200 752
10.200 768
10.200 776
10.200 784
10.200 792
10.200 800
10.200 808
10.200 816
10.200 824
10.200 832
10.200 840
10.200 848
10.200 856
10.200 864
10.200 872
10.200 880
10.200 888
10.200 896
10.200 912
10.200 920
10.200 928
10.200 944
10.200 952
10.200 960
10.200 968
10.200 976
10.200 984
10.200 992
10.200 1000
10.200 1008
10.200 1016
10.200 1024
10.200 1040
10.200 1048
10.200 1056
10.200 1072
10.200 1080
10.200 1088
10.200 1096
10.200 1104
10.200 1112
10.200 1120
10.200 1128
10.200 1136
10.200 1152
10.200 1160
10.200 1168
10.200 1176
10.200 1184
10.200 1200
10.200 1208
10.200 1216
10.200 1224
10.200 1232
10.200 1240
10.200 1256
10.200 1264
10.200 1272
10.200 1280
10.200 1288
10.200 1304
10.200 1312
10.200 1320
10.200 1328
10.200 1352
10.200 1360
10.200 1384
10.200 1392
10.200 1408
10.200 1416
10.200 1424
10.200 1432
10.200 1440
10.200 1456
10.200 1464
10.200 1472
10.200 1480
10.200 1488
10.200 1504
10.200 1512
10.200 1520
10.200 1528
10.200 1536
10.200 1544
10.200 1576
10.200 1584
10.200 1600
10.200 1616
10.200 1624
10.200 1640
10.200 1648
10.200 1656
10.200 1664
10.200 1680
10.200 1688
10.200 1704
10.200 1712
10.200 1728
10.200 1736
10.200 1744
10.200 1752
10.200 1760
10.200 1768
10.200 1776
10.200 1784
10.200 1800
10.200 1808
10.200 1816
10.200 1824
10.200 1840
10.200 1848
10.200 1864
10.200 1888
10.200 1896
10.200 1904
10.200 1912
10.200 1920
10.200 1928
10.200 1944
10.200 1952
10.200 1960
10.200 1968
10.200 1976
10.200 1984
10.200 1992
10.200 2000
10.200 2008
10.200 2016
10.200 2024
10.200 2032
10.200 2040
10.200 2048
10.200 2056
10.200 2080
10.200 2088
10.200 2096
10.200 2104
10.200 2112
10.200 2128
10.200 2136
10.200 2144
10.200 2152
10.200 2168
10.200 2184
10.200 2192
10.200 2208
10.200 2216
10.200 2232
10.200 2240
10.200 2248
10.200 2256
10.200 2264
10.200 2272
10.200 2280
10.200 2288
10.200 2296
10.200 2304
10.200 2312
10.200 2320
10.200 2328
10.200 2336
10.200 2352
10.200 2368
10.200 2376
10.200 2384
10.200 2392
10.200 2400
10.200 2408
10.200 2416
10.200 2424
10.200 2432
10.200 2440
10.200 2456
10.200 2464
10.200 2472
10.200 2480
10.200 2488
10.200 2496
10.200 2504
10.200 2512
10.200 2520
10.200 2528
10.200 2536
10.200 2544
10.200 2552
10.200 2560
10.200 2568
10.200 2576
10.200 2592
10.200 2600
10.200 2608
10.200 2624
10.200 2632
10.200 2640
10.200 2648
10.200 2656
10.200 2664
10.200 2672
10.200 2680
10.200 2688
10.200 2696
10.200 2704
10.200 2712
10.200 2720
10.200 2736
10.200 2744
10.200 2752
10.200 2760
10.200 2768
10.200 2776
10.200 2792
10.200 2800
10.200 2816
10.200 2824
10.200 2832
10.200 2840
10.200 2848
10.200 2856
10.200 2864
10.200 2880
10.200 2888
10.200 2896
10.200 2904
10.200 2912
10.200 2920
10.200 2936
10.200 2944
10.200 2952
10.200 2960
10.200 2968
10.200 2976
10.200 3000
10.200 3008
10.200 3016
10.200 3024
10.200 3032
10.200 3048
10.200 3056
10.200 3064
10.200 3072
10.200 3080
10.300 256
10.300 280
10.300 288
10.300 336
10.300 368
10.300 392
10.300 408
10.300 456
10.300 648
10.300 728
10.300 760
10.300 904
10.300 936
10.300 1032
10.300 1064
10.300 1144
10.300 1192
10.300 1248
10.300 1296
10.300 1336
10.300 1344
10.300 1368
10.300 1376
10.300 1400
10.300 1448
10.300 1496
10.300 1552
10.300 1560
10.300 1568
10.300 1592
10.300 1608
10.300 1632
10.300 1672
10.300 1696
10.300 1720
10.300 1792
10.300 1832
10.300 1856
10.300 1872
10.300 1880
10.300 1936
10.300 2064
10.300 2072
10.300 2120
10.300 2160
10.300 2176
10.300 2200
10.300 2224
10.300 2344
10.300 2360
10.300 2448
10.300 2584
10.300 2616
10.300 2728
10.300 2784
10.300 2808
10.300 2872
10.300 2928
10.300 2984
10.300 2992
10.300 3040
10.400 72
10.400 80
10.400 88
10.400 96
10.400 104
10.400 112
10.400 120
10.400 128
10.400 136
10.400 144
10.400 152
10.900 16
10.900 24
10.900 32
14.000 3112
14.100 32
14.100 192
14.100 200
14.200 16
14.200 24
14.200 3088
14.200 3096
14.200 3120
14.300 3104
14.300 3128
14.500 0
14.500 8
14.800 112
15.100 80
15.100 88
15.100 96
15.100 144
15.100 152
15.200 72
15.200 104
15.200 136
15.300 120
15.300 128
