5.000 3167
5.000 3175
5.000 3183
5.000 3191
5.000 3199
5.000 3207
5.000 3215
5.000 3223
5.000 3231
5.000 3239
5.000 3247
5.000 3255
5.000 3263
5.000 3271
5.000 3279
5.000 3287
5.000 3295
5.000 3303
5.000 3311
5.000 3319
5.000 3327
5.000 3335
5.000 3343
5.000 3351
5.000 3359
5.000 3367
5.000 3375
5.000 3383
5.000 3391
5.000 3399
5.000 3407
5.000 3415
5.000 3423
5.000 3431
5.000 3439
5.000 3447
5.000 3455
5.000 3463
5.000 3471
5.000 3479
5.000 3487
5.000 3495
5.000 3503
5.000 3511
5.000 3519
5.000 3527
5.000 3535
5.000 3543
5.000 3551
5.000 3559
5.000 3567
5.000 3575
5.000 3583
5.000 3591
5.000 3599
5.000 3607
5.000 3615
5.000 3623
5.000 3631
5.000 3639
5.000 3647
5.000 3655
5.000 3663
5.000 3671
5.000 3679
5.000 3687
5.000 3695
5.000 3703
5.000 3711
5.000 3719
5.000 3727
5.000 3735
5.000 3743
5.000 3751
5.000 3759
5.000 3767
5.000 3775
5.000 3783
5.000 3791
5.000 3799
5.000 3807
5.000 3815
5.000 3823
5.000 3831
5.000 3839
5.000 3847
5.000 3855
5.000 3863
5.000 3871
5.000 3879
5.000 3887
5.000 3895
5.000 3903
5.000 3911
5.000 3919
5.000 3927
5.000 3935
5.000 3943
5.000 3951
5.000 3959
5.000 3967
5.000 3975
5.000 3983
5.000 3991
5.000 3999
5.000 4007
5.000 4015
5.000 4023
5.000 4031
5.000 4039
5.000 4047
5.000 4055
5.000 4063
5.000 4071
5.000 4079
5.000 4087
5.000 4095
5.000 4103
5.000 4111
5.000 4119
5.000 4127
5.000 4135
5.000 4143
5.000 4151
5.000 4159
5.000 4167
5.000 4175
5.000 4183
5.000 4191
5.000 4199
5.000 4207
5.000 4215
5.000 4223
5.000 4231
5.000 4239
5.000 4247
5.000 4255
5.000 4263
5.000 4271
5.000 4279
5.000 4287
5.000 4295
5.000 4303
5.000 4311
5.000 4319
5.000 4327
5.000 4335
5.000 4343
5.000 4351
5.000 4359
5.000 4367
5.000 4375
5.000 4383
5.000 4391
5.000 4399
5.000 4407
5.000 4415
5.000 4423
5.000 4431
5.000 4439
5.000 4447
5.000 4455
5.000 4463
5.000 4471
5.000 4479
5.000 4487
5.000 4495
5.000 4503
5.000 4511
5.000 4519
5.000 4527
5.000 4535
5.000 4543
5.000 4551
5.000 4559
5.000 4567
5.000 4575
5.000 4583
5.000 4591
5.000 4599
5.000 4607
5.000 4615
5.000 4623
5.000 4631
5.000 4639
5.000 4647
5.000 4655
5.000 4663
5.000 4671
5.000 4679
5.000 4687
5.000 4695
5.000 4703
5.000 4711
5.000 4719
5.000 4727
5.000 4735
5.000 4743
5.000 4751
5.000 4759
5.000 4767
5.000 4775
5.000 4783
5.000 4791
5.000 4799
5.000 4807
5.000 4815
5.000 4823
5.000 4831
5.000 4839
5.000 4847
5.000 4855
5.000 4863
5.000 4871
5.000 4879
5.000 4887
5.000 4895
5.000 4903
5.000 4911
5.000 4919
5.000 4927
5.000 4935
5.000 4943
5.000 4951
5.000 4959
5.000 4967
5.000 4975
5.000 4983
5.000 4991
5.000 4999
5.000 5007
5.000 3143
5.000 3151
5.000 3159
9.200 39
9.200 47
9.200 55
9.200 63
9.400 3135
9.900 3087
9.900 3095
9.900 3103
9.900 3111
9.900 3119
9.900 3127
10.000 7
10.100 479
10.200 207
10.200 215
10.200 223
10.200 231
10.200 247
10.200 263
10.200 271
10.200 279
10.200 303
10.200 319
10.200 335
10.200 359
10.200 375
10.200 383
10.200 391
10.200 407
10.200 415
10.200 423
10.200 431
10.200 439
10.200 447
10.200 455
10.200 463
10.200 487
10.200 511
10.200 519
10.200 527
10.200 543
10.200 551
10.200 559
10.200 567
10.200 575
10.200 583
10.200 591
10.200 599
10.200 607
10.200 623
10.200 631
10.200 639
10.200 647
10.200 655
10.200 663
10.200 671
10.200 679
10.200 687
10.200 695
10.200 703
10.200 711
10.200 727
10.200 743
10.200 751
10.200 783
10.200 791
10.200 799
10.200 807
10.200 815
10.200 823
10.200 831
10.200 847
10.200 863
10.200 871
10.200 879
10.200 887
10.200 895
10.200 903
10.200 927
10.200 935
10.200 943
10.200 951
10.200 959
10.200 967
10.200 975
10.200 983
10.200 991
10.200 999
10.200 1007
10.200 1015
10.200 1023
10.200 1031
10.200 1039
10.200 1047
10.200 1055
10.200 1063
10.200 1071
10.200 1079
10.200 1087
10.200 1095
10.200 1103
10.200 1119
10.200 1127
10.200 1143
10.200 1159
10.200 1167
10.200 1175
10.200 1183
10.200 1191
10.200 1199
10.200 1231
10.200 1239
10.200 1247
10.200 1255
10.200 1263
10.200 1271
10.200 1279
10.200 1287
10.200 1295
10.200 1303
10.200 1311
10.200 1319
10.200 1327
10.200 1335
10.200 1343
10.200 1351
10.200 1359
10.200 1367
10.200 1375
10.200 1391
10.200 1399
10.200 1407
10.200 1423
10.200 1431
10.200 1439
10.200 1447
10.200 1455
10.200 1463
10.200 1471
10.200 1479
10.200 1487
10.200 1495
10.200 1519
10.200 1535
10.200 1543
10.200 1551
10.200 1567
10.200 1575
10.200 1583
10.200 1599
10.200 1607
10.200 1631
10.200 1639
10.200 1647
10.200 1655
10.200 1663
10.200 1671
10.200 1679
10.200 1687
10.200 1711
10.200 1719
10.200 1727
10.200 1735
10.200 1743
10.200 1751
10.200 1759
10.200 1767
10.200 1775
10.200 1783
10.200 1799
10.200 1807
10.200 1815
10.200 1823
10.200 1831
10.200 1839
10.200 1847
10.200 1855
10.200 1863
10.200 1871
10.200 1879
10.200 1887
10.200 1895
10.200 1911
10.200 1919
10.200 1927
10.200 1943
10.200 1951
10.200 1967
10.200 1975
10.200 1983
10.200 1991
10.200 1999
10.200 2007
10.200 2015
10.200 2023
10.200 2031
10.200 2039
10.200 2047
10.200 2063
10.200 2071
10.200 2079
10.200 2087
10.200 2095
10.200 2103
10.200 2111
10.200 2119
10.200 2135
10.200 2143
10.200 2151
10.200 2159
10.200 2167
10.200 2175
10.200 2183
10.200 2191
10.200 2199
10.200 2207
10.200 2215
10.200 2223
10.200 2231
10.200 2247
10.200 2255
10.200 2263
10.200 2271
10.200 2279
10.200 2287
10.200 2295
10.200 2303
10.200 2311
10.200 2319
10.200 2327
10.200 2335
10.200 2343
10.200 2359
10.200 2367
10.200 2375
10.200 2399
10.200 2407
10.200 2415
10.200 2431
10.200 2439
10.200 2447
10.200 2463
10.200 2471
10.200 2479
10.200 2495
10.200 2503
10.200 2511
10.200 2519
10.200 2527
10.200 2535
10.200 2551
10.200 2559
10.200 2567
10.200 2575
10.200 2591
10.200 2607
10.200 2615
10.200 2631
10.200 2639
10.200 2647
10.200 2655
10.200 2663
10.200 2671
10.200 2679
10.200 2687
10.200 2695
10.200 2703
10.200 2711
10.200 2719
10.200 2727
10.200 2743
10.200 2751
10.200 2767
10.200 2775
10.200 2791
10.200 2799
10.200 2807
10.200 2815
10.200 2823
10.200 2839
10.200 2847
10.200 2855
10.200 2863
10.200 2871
10.200 2879
10.200 2887
10.200 2895
10.200 2903
10.200 2911
10.200 2919
10.200 2927
10.200 2935
10.200 2943
10.200 2951
10.200 2959
10.200 2967
10.200 2983
10.200 2991
10.200 3007
10.200 3015
10.200 3023
10.200 3031
10.200 3039
10.200 3047
10.200 3055
10.200 3071
10.200 3079
10.300 239
10.300 255
10.300 287
10.300 295
10.300 311
10.300 327
10.300 343
10.300 351
10.300 367
10.300 399
10.300 471
10.300 495
10.300 503
10.300 535
10.300 615
10.300 719
10.300 735
10.300 759
10.300 767
10.300 775
10.300 839
10.300 855
10.300 911
10.300 919
10.300 1111
10.300 1135
10.300 1151
10.300 1207
10.300 1215
10.300 1223
10.300 1383
10.300 1415
10.300 1503
10.300 1511
10.300 1527
10.300 1559
10.300 1591
10.300 1615
10.300 1623
10.300 1695
10.300 1703
10.300 1791
10.300 1903
10.300 1935
10.300 1959
10.300 2055
10.300 2127
10.300 2239
10.300 2351
10.300 2383
10.300 2391
10.300 2423
10.300 2455
10.300 2487
10.300 2543
10.300 2583
10.300 2599
10.300 2623
10.300 2735
10.300 2759
10.300 2783
10.300 2831
10.300 2975
10.300 2999
10.300 3063
10.400 71
10.400 79
10.400 87
10.400 95
10.400 103
10.400 111
10.400 119
10.400 127
10.400 135
10.400 143
10.400 151
10.900 15
10.900 23
10.900 31
14.000 199
14.000 3111
14.100 191
14.200 15
14.200 23
14.200 31
14.200 3095
14.200 3119
14.200 3127
14.300 3087
14.300 3103
14.400 7
15.100 87
15.100 143
15.100 151
15.200 71
15.200 79
15.200 95
15.200 103
15.200 111
15.200 127
15.200 135
15.300 119
