t	v
0	-65.0246
0.1	-65.0246
0.2	-65.0246
0.3	-65.0246
0.4	-65.0246
0.5	-65.0246
0.6	-65.0246
0.7	-65.0246
0.8	-65.0246
0.9	-65.0246
1	-65.0246
1.1	-65.0246
1.2	-65.0246
1.3	-65.0246
1.4	-65.0246
1.5	-65.0246
1.6	-65.0246
1.7	-65.0246
1.8	-65.0246
1.9	-65.0246
2	-65.0246
2.1	-65.0246
2.2	-65.0246
2.3	-65.0246
2.4	-65.0246
2.5	-65.0246
2.6	-65.0246
2.7	-65.0246
2.8	-65.0246
2.9	-65.0246
3	-65.0246
3.1	-65.0246
3.2	-65.0246
3.3	-65.0246
3.4	-65.0246
3.5	-65.0246
3.6	-65.0246
3.7	-65.0246
3.8	-65.0246
3.9	-65.0246
4	-65.0246
4.1	-65.0246
4.2	-65.0246
4.3	-65.0246
4.4	-65.0246
4.5	-65.0246
4.6	-65.0246
4.7	-65.0246
4.8	-65.0246
4.9	-65.0246
5	-65.0246
5.1	-65.0246
5.2	-65.0246
5.3	-65.0246
5.4	-65.0246
5.5	-65.0246
5.6	-65.0246
5.7	-65.0246
5.8	-65.0246
5.9	-65.0246
6	-65.0246
6.1	-65.0246
6.2	-65.0246
6.3	-65.0246
6.4	-65.0246
6.5	-65.0246
6.6	-65.0246
6.7	-65.0246
6.8	-65.0246
6.9	-65.0246
7	-65.0246
7.1	-65.0246
7.2	-65.0246
7.3	-65.0246
7.4	-65.0246
7.5	-65.0246
7.6	-65.0246
7.7	-65.0246
7.8	-65.0246
7.9	-65.0246
8	-65.0246
8.1	-65.0246
8.2	-64.7785
8.3	-64.1156
8.4	-63.1203
8.5	-61.8318
8.6	-60.311
8.7	-58.6097
8.8	-56.776
8.9	-54.8527
9	-52.8745
9.1	-50.8697
9.2	-48.854
9.3	-46.8261
9.4	-44.7457
9.5	-42.4622
9.6	-39.3153
9.7	-32.8012
9.8	-18.4172
9.9	15.8683
10	64.4753
10.1	43.5438
10.2	52.2513
10.3	36.3583
10.4	37.51
10.5	26.2353
10.6	24.0369
10.7	15.2749
10.8	11.3668
10.9	3.81275
11	-1.18555
11.1	-8.03054
11.2	-13.6987
11.3	-21.4315
11.4	-30.6438
11.5	-43.0274
11.6	-53.7675
11.7	-60.3371
11.8	-63.2909
11.9	-64.6168
12	-64.777
12.1	-64.4774
12.2	-63.7343
12.3	-62.8221
12.4	-61.6412
12.5	-60.6624
12.6	-59.741
12.7	-58.9525
12.8	-58.2227
12.9	-57.5705
13	-56.9614
13.1	-56.4671
13.2	-55.9567
13.3	-55.4958
13.4	-53.7467
13.5	-50.6201
13.6	-48.1922
13.7	-46.742
13.8	-45.4356
13.9	-42.8897
14	-36.1317
14.1	-22.8705
14.2	9.7509
14.3	46.4966
14.4	27.0021
14.5	32.8808
14.6	16.9101
14.7	17.6279
14.8	5.58626
14.9	3.50421
15	-6.01129
15.1	-9.88545
15.2	-19.0035
15.3	-28.6463
15.4	-44.0218
15.5	-56.1429
15.6	-61.5742
15.7	-63.1911
15.8	-64.0648
15.9	-63.9768
16	-64.0628
16.1	-63.7568
16.2	-63.4735
16.3	-62.9048
16.4	-62.3599
16.5	-61.7124
16.6	-61.1365
16.7	-60.5333
16.8	-59.9969
16.9	-59.4622
17	-58.9825
17.1	-58.5166
17.2	-58.0947
17.3	-57.7136
17.4	-57.5472
17.5	-57.5247
17.6	-57.5104
17.7	-57.4761
17.8	-57.4319
17.9	-57.369
18	-57.2994
18.1	-57.2202
18.2	-57.1385
18.3	-57.0561
18.4	-56.9792
18.5	-56.905
18.6	-56.8346
18.7	-56.7665
18.8	-56.7016
18.9	-56.6389
19	-56.579
19.1	-56.5213
19.2	-56.4659
19.3	-56.4125
19.4	-56.3612
19.5	-56.3115
19.6	-56.2635
19.7	-56.2169
19.8	-56.1718
19.9	-56.1278
