t	v
0	-63.0102
0.1	-63.0102
0.2	-63.0102
0.3	-63.0102
0.4	-63.0102
0.5	-63.0102
0.6	-63.0102
0.7	-63.0102
0.8	-63.0102
0.9	-63.0102
1	-63.0102
1.1	-63.0102
1.2	-63.0102
1.3	-63.0102
1.4	-63.0102
1.5	-63.0102
1.6	-63.0102
1.7	-63.0102
1.8	-63.0102
1.9	-63.0102
2	-63.0102
2.1	-63.0102
2.2	-63.0102
2.3	-63.0102
2.4	-63.0102
2.5	-63.0102
2.6	-63.0102
2.7	-63.0102
2.8	-63.0102
2.9	-63.0102
3	-63.0102
3.1	-63.0102
3.2	-63.0102
3.3	-63.0102
3.4	-63.0102
3.5	-63.0102
3.6	-63.0102
3.7	-63.0102
3.8	-63.0102
3.9	-63.0102
4	-63.0102
4.1	-63.0102
4.2	-63.0102
4.3	-63.0102
4.4	-63.0102
4.5	-63.0102
4.6	-63.0102
4.7	-63.0102
4.8	-63.0102
4.9	-63.0102
5	-63.0102
5.1	-63.0102
5.2	-63.0102
5.3	-63.0102
5.4	-63.0102
5.5	-63.0102
5.6	-63.0102
5.7	-63.0102
5.8	-63.0102
5.9	-63.0102
6	-63.0102
6.1	-63.0102
6.2	-63.0102
6.3	-63.0102
6.4	-63.0102
6.5	-63.0102
6.6	-63.0102
6.7	-63.0102
6.8	-63.0102
6.9	-63.0102
7	-63.0102
7.1	-63.0102
7.2	-63.0102
7.3	-63.0102
7.4	-63.0102
7.5	-63.0102
7.6	-63.0102
7.7	-63.0102
7.8	-63.0102
7.9	-63.0102
8	-63.0102
8.1	-63.0102
8.2	-62.9304
8.3	-62.6363
8.4	-62.0549
8.5	-61.1716
8.6	-60.0212
8.7	-58.6563
8.8	-57.1338
8.9	-55.5096
9	-53.8304
9.1	-52.1356
9.2	-50.4518
9.3	-48.7933
9.4	-47.1519
9.5	-45.4823
9.6	-43.6698
9.7	-41.5002
9.8	-38.6466
9.9	-34.6284
10	-28.6705
10.1	-19.4757
10.2	-3.37572
10.3	26.9853
10.4	41.281
10.5	42.7501
10.6	41.1522
10.7	39.3919
10.8	35.6963
10.9	32.1476
11	27.6089
11.1	23.2655
11.2	18.3436
11.3	13.5845
11.4	8.50971
11.5	3.59724
11.6	-1.4562
11.7	-6.22302
11.8	-10.9311
11.9	-15.3915
12	-19.7987
12.1	-23.9743
12.2	-27.9932
12.3	-31.6409
12.4	-35.2958
12.5	-38.5304
12.6	-41.2326
12.7	-43.3019
12.8	-44.9271
12.9	-46.1118
13	-47.0432
13.1	-47.974
13.2	-48.7667
13.3	-49.5069
13.4	-49.925
13.5	-49.5263
13.6	-48.4582
13.7	-47.3429
13.8	-46.4264
13.9	-45.6206
14	-44.9816
14.1	-44.4624
14.2	-44.103
14.3	-43.8667
14.4	-43.7524
14.5	-43.7133
14.6	-43.7549
14.7	-43.8355
14.8	-43.9646
14.9	-44.1054
15	-44.271
15.1	-44.4299
15.2	-44.5988
15.3	-44.7511
15.4	-44.9059
15.5	-45.0408
15.6	-45.1759
15.7	-45.2914
15.8	-45.4074
15.9	-45.5059
16	-45.6064
16.1	-45.6917
16.2	-45.7807
16.3	-45.8569
16.4	-45.938
16.5	-46.0083
16.6	-46.0845
16.7	-46.1516
16.8	-46.2252
16.9	-46.2909
17	-46.3634
17.1	-46.4291
17.2	-46.5018
17.3	-46.5683
17.4	-46.8157
17.5	-47.1718
17.6	-47.5588
17.7	-47.9974
17.8	-48.4295
17.9	-48.8525
18	-49.2441
18.1	-49.5822
18.2	-49.8833
18.3	-50.139
18.4	-50.3689
18.5	-50.5657
18.6	-50.7473
18.7	-50.9059
18.8	-51.057
18.9	-51.1915
19	-51.3229
19.1	-51.4418
19.2	-51.5601
19.3	-51.6683
19.4	-51.7776
19.5	-51.8785
19.6	-51.9813
19.7	-52.0768
19.8	-52.1748
19.9	-52.2664
