t	v
0	-65.0246
0.1	-65.0246
0.2	-65.0246
0.3	-65.0246
0.4	-65.0246
0.5	-65.0246
0.6	-65.0246
0.7	-65.0246
0.8	-65.0246
0.9	-65.0246
1	-65.0246
1.1	-65.0246
1.2	-65.0246
1.3	-65.0246
1.4	-65.0246
1.5	-65.0246
1.6	-65.0246
1.7	-65.0246
1.8	-65.0246
1.9	-65.0246
2	-65.0246
2.1	-65.0246
2.2	-65.0246
2.3	-65.0246
2.4	-65.0246
2.5	-65.0246
2.6	-65.0246
2.7	-65.0246
2.8	-65.0246
2.9	-65.0246
3	-65.0246
3.1	-65.0246
3.2	-65.0246
3.3	-65.0246
3.4	-65.0246
3.5	-65.0246
3.6	-65.0246
3.7	-65.0246
3.8	-65.0246
3.9	-65.0246
4	-65.0246
4.1	-65.0246
4.2	-65.0246
4.3	-65.0246
4.4	-65.0246
4.5	-65.0246
4.6	-65.0246
4.7	-65.0246
4.8	-65.0246
4.9	-65.0246
5	-65.0246
5.1	-65.0246
5.2	-65.0246
5.3	-65.0246
5.4	-65.0246
5.5	-65.0246
5.6	-65.0246
5.7	-65.0246
5.8	-65.0246
5.9	-65.0246
6	-65.0246
6.1	-65.0246
6.2	-65.0246
6.3	-65.0246
6.4	-65.0246
6.5	-65.0246
6.6	-65.0246
6.7	-65.0246
6.8	-65.0246
6.9	-65.0246
7	-65.0246
7.1	-65.0246
7.2	-65.0246
7.3	-65.0246
7.4	-65.0246
7.5	-65.0246
7.6	-65.0246
7.7	-65.0246
7.8	-65.0246
7.9	-65.0246
8	-65.0246
8.1	-65.0246
8.2	-64.7899
8.3	-64.1467
8.4	-63.1712
8.5	-61.9042
8.6	-60.4043
8.7	-58.7237
8.8	-56.9096
8.9	-55.005
9	-53.0441
9.1	-51.0553
9.2	-49.0543
9.3	-47.0404
9.4	-44.9761
9.5	-42.7264
9.6	-39.7369
9.7	-33.5624
9.8	-18.1885
9.9	17.8151
10	63.6068
10.1	44.024
10.2	51.846
10.3	36.3992
10.4	37.4216
10.5	26.064
10.6	24.0771
10.7	15.0407
10.8	11.4114
10.9	3.58182
11	-1.19377
11.1	-8.2356
11.2	-13.791
11.3	-21.7005
11.4	-30.9517
11.5	-43.4553
11.6	-54.0436
11.7	-60.5672
11.8	-63.4597
11.9	-64.8039
12	-64.9556
12.1	-64.6791
12.2	-63.9383
12.3	-63.0435
12.4	-61.9236
12.5	-60.7373
12.6	-59.4381
12.7	-58.1175
12.8	-56.748
12.9	-55.3833
13	-54.007
13.1	-52.9491
13.2	-51.7483
13.3	-50.6297
13.4	-48.1969
13.5	-44.0993
13.6	-40.151
13.7	-36.8555
13.8	-32.6739
13.9	-23.4084
14	6.13227
14.1	66.5751
14.2	34.68
14.3	41.1494
14.4	28.0097
14.5	24.1492
14.6	16.281
14.7	10.389
14.8	3.56995
14.9	-2.96889
15	-9.56417
15.1	-16.7871
15.2	-26.4145
15.3	-40.5291
15.4	-56.2762
15.5	-64.8917
15.6	-68.4446
15.7	-69.6688
15.8	-69.8592
15.9	-69.479
16	-68.7858
16.1	-67.8899
16.2	-66.8735
16.3	-65.7799
16.4	-64.6462
16.5	-63.4953
16.6	-62.3472
16.7	-61.2147
16.8	-60.1091
16.9	-59.0372
17	-58.0048
17.1	-57.0151
17.2	-56.212
17.3	-55.4108
17.4	-54.6827
17.5	-53.9733
17.6	-53.3183
17.7	-52.6905
17.8	-52.1066
17.9	-51.5509
18	-51.0502
18.1	-50.609
18.2	-50.2243
18.3	-49.8867
18.4	-49.594
18.5	-49.3386
18.6	-49.1182
18.7	-48.9274
18.8	-48.7638
18.9	-48.6233
19	-48.504
19.1	-48.4027
19.2	-48.3176
19.3	-48.2465
19.4	-48.1879
19.5	-48.1399
19.6	-48.1015
19.7	-48.0711
19.8	-48.048
19.9	-48.0309
