t	v
0	-59.9512
0.1	-59.9512
0.2	-59.9512
0.3	-59.9512
0.4	-59.9512
0.5	-59.9512
0.6	-59.9512
0.7	-59.9512
0.8	-59.9512
0.9	-59.9512
1	-59.9512
1.1	-59.9512
1.2	-59.9512
1.3	-59.9512
1.4	-59.9512
1.5	-59.9512
1.6	-59.9512
1.7	-59.9512
1.8	-59.9512
1.9	-59.9512
2	-59.9512
2.1	-59.9512
2.2	-59.9512
2.3	-59.9512
2.4	-59.9512
2.5	-59.9512
2.6	-59.9512
2.7	-59.9512
2.8	-59.9512
2.9	-59.9512
3	-59.9512
3.1	-59.9512
3.2	-59.9512
3.3	-59.9512
3.4	-59.9512
3.5	-59.9512
3.6	-59.9512
3.7	-59.9512
3.8	-59.9512
3.9	-59.9512
4	-59.9512
4.1	-59.9512
4.2	-59.9512
4.3	-59.9512
4.4	-59.9512
4.5	-59.9512
4.6	-59.9512
4.7	-59.9512
4.8	-59.9512
4.9	-59.9512
5	-59.9512
5.1	-59.9512
5.2	-59.9512
5.3	-59.9512
5.4	-59.9512
5.5	-59.9512
5.6	-59.9512
5.7	-59.9512
5.8	-59.9512
5.9	-59.9512
6	-59.9512
6.1	-59.9512
6.2	-59.9512
6.3	-59.9512
6.4	-59.9512
6.5	-59.9512
6.6	-59.9512
6.7	-59.9512
6.8	-59.9512
6.9	-59.9512
7	-59.9512
7.1	-59.9512
7.2	-59.9512
7.3	-59.9512
7.4	-59.9512
7.5	-59.9512
7.6	-59.9512
7.7	-59.9512
7.8	-59.9512
7.9	-59.9512
8	-59.9512
8.1	-59.9512
8.2	-59.5904
8.3	-58.8433
8.4	-57.8375
8.5	-56.5753
8.6	-55.1389
8.7	-53.5417
8.8	-51.8415
8.9	-50.0521
9	-48.2148
9.1	-46.3412
9.2	-44.4609
9.3	-42.5822
9.4	-40.7249
9.5	-38.8926
9.6	-37.0942
9.7	-35.3224
9.8	-33.5648
9.9	-31.7822
10	-29.9026
10.1	-27.7694
10.2	-25.0214
10.3	-20.6023
10.4	-9.97308
10.5	33.3133
10.6	65.309
10.7	40.0527
10.8	54.093
10.9	30.7232
11	38.0021
11.1	16.7023
11.2	19.7756
11.3	1.57408
11.4	-2.17886
11.5	-19.2129
11.6	-30.3112
11.7	-43.2468
11.8	-44.4707
11.9	-49.9122
12	-47.6722
12.1	-50.6616
12.2	-47.5613
12.3	-49.4361
12.4	-46.1954
12.5	-47.4658
12.6	-44.3089
12.7	-45.1783
12.8	-42.1845
12.9	-42.7691
13	-39.9654
13.1	-40.35
13.2	-37.7535
13.3	-37.9911
13.4	-35.5683
13.5	-35.6326
13.6	-33.3568
13.7	-33.3068
13.8	-31.2024
13.9	-31.0716
14	-29.1352
14.1	-29.002
14.2	-27.3581
14.3	-27.1869
14.4	-25.6633
14.5	-25.3208
14.6	-23.7826
14.7	-23.1148
14.8	-21.3411
14.9	-19.9965
15	-17.3587
15.1	-14.0691
15.2	-7.70032
15.3	4.26315
15.4	23.6324
15.5	27.8803
15.6	22.0438
15.7	12.2997
15.8	3.20479
15.9	-7.42476
16	-17.8196
16.1	-28.3447
16.2	-35.0815
16.3	-39.898
16.4	-42.202
16.5	-44.1918
16.6	-44.7622
16.7	-45.5418
16.8	-45.3389
16.9	-45.5072
17	-44.9195
17.1	-44.7489
17.2	-43.9643
17.3	-43.632
17.4	-42.8366
17.5	-42.4633
17.6	-41.6645
17.7	-41.2458
17.8	-40.45
17.9	-40.0013
18	-39.2207
18.1	-38.7581
18.2	-38.003
18.3	-37.5396
18.4	-36.8212
18.5	-36.3707
18.6	-35.6934
18.7	-35.2585
18.8	-34.621
18.9	-34.2018
19	-33.601
19.1	-33.1957
19.2	-32.627
19.3	-32.232
19.4	-31.6893
19.5	-31.2996
19.6	-30.7755
19.7	-30.3848
19.8	-29.8705
19.9	-29.4705
