t	v
0	-65.9745
0.1	-65.974
0.2	-65.9738
0.3	-65.9735
0.4	-65.9733
0.5	-65.973
0.6	-65.9728
0.7	-65.9726
0.8	-65.9723
0.9	-65.9721
1	-65.9719
1.1	-65.9716
1.2	-65.9714
1.3	-65.9712
1.4	-65.971
1.5	-65.9707
1.6	-65.9705
1.7	-65.9703
1.8	-65.97
1.9	-65.9698
2	-65.9696
2.1	-65.9694
2.2	-65.9691
2.3	-65.9689
2.4	-65.9687
2.5	-65.9684
2.6	-65.9682
2.7	-65.968
2.8	-65.9678
2.9	-65.9675
3	-65.9673
3.1	-65.9671
3.2	-65.9669
3.3	-65.9666
3.4	-65.9664
3.5	-65.9662
3.6	-65.966
3.7	-65.9657
3.8	-65.9655
3.9	-65.9653
4	-65.9651
4.1	-65.9648
4.2	-65.9646
4.3	-65.9644
4.4	-65.9642
4.5	-65.9639
4.6	-65.9637
4.7	-65.9635
4.8	-65.9633
4.9	-65.963
5	-65.9628
5.1	-65.9626
5.2	-65.9624
5.3	-65.9622
5.4	-65.9619
5.5	-65.9617
5.6	-65.9615
5.7	-65.9613
5.8	-65.961
5.9	-65.9608
6	-65.9606
6.1	-65.9604
6.2	-65.9602
6.3	-65.9599
6.4	-65.9597
6.5	-65.9595
6.6	-65.9593
6.7	-65.9591
6.8	-65.9588
6.9	-65.9586
7	-65.9584
7.1	-65.9582
7.2	-65.958
7.3	-65.9577
7.4	-65.9575
7.5	-65.9573
7.6	-65.9571
7.7	-65.9569
7.8	-65.9567
7.9	-65.9564
8	-65.9562
8.1	-65.956
8.2	-65.9558
8.3	-65.9556
8.4	-65.9554
8.5	-65.9551
8.6	-65.9549
8.7	-65.9547
8.8	-65.9545
8.9	-65.9543
9	-65.9541
9.1	-65.9538
9.2	-65.9536
9.3	-65.9534
9.4	-65.9532
9.5	-65.953
9.6	-65.9528
9.7	-65.9525
9.8	-65.9523
9.9	-65.9521
10	-65.9519
10.1	-65.9517
10.2	-65.9515
10.3	-65.9513
10.4	-65.951
10.5	-65.9508
10.6	-65.9506
10.7	-65.9504
10.8	-65.9502
10.9	-65.95
11	-65.9498
11.1	-65.9496
11.2	-65.9493
11.3	-65.9491
11.4	-65.9489
11.5	-65.9487
11.6	-65.9485
11.7	-65.9483
11.8	-65.9481
11.9	-65.9479
12	-65.9476
12.1	-65.9474
12.2	-65.9472
12.3	-65.947
12.4	-65.8251
12.5	-65.6941
12.6	-65.5321
12.7	-65.359
12.8	-65.1793
12.9	-64.999
13	-64.8205
13.1	-64.6461
13.2	-64.4766
13.3	-64.3127
13.4	-63.1442
13.5	-59.5763
13.6	-54.2004
13.7	-48.3062
13.8	-41.672
13.9	-33.158
14	-21.5804
14.1	-5.71412
14.2	6.53972
14.3	3.20393
14.4	-9.64902
14.5	-22.6245
14.6	-35.0233
14.7	-46.6865
14.8	-54.2941
14.9	-58.703
15	-61.3591
15.1	-62.9145
15.2	-63.8197
15.3	-64.2576
15.4	-64.4206
15.5	-64.4135
15.6	-64.3121
15.7	-64.1576
15.8	-63.977
15.9	-63.7858
16	-63.5939
16.1	-63.4068
16.2	-63.2278
16.3	-63.0587
16.4	-62.9003
16.5	-62.7527
16.6	-62.6157
16.7	-62.4888
16.8	-62.3714
16.9	-62.263
17	-62.1629
17.1	-62.0703
17.2	-61.9847
17.3	-61.9039
17.4	-61.8225
17.5	-61.7363
17.6	-61.6454
17.7	-61.5524
17.8	-61.46
17.9	-61.3702
18	-61.2845
18.1	-61.2037
18.2	-61.1282
18.3	-61.0579
18.4	-60.9926
18.5	-60.9318
18.6	-60.875
18.7	-60.822
18.8	-60.7728
18.9	-60.7272
19	-60.6849
19.1	-60.6458
19.2	-60.6097
19.3	-60.5764
19.4	-60.5456
19.5	-60.5173
19.6	-60.4911
19.7	-60.4671
19.8	-60.445
19.9	-60.4247
