t	v
0	-65.0246
0.1	-65.0246
0.2	-65.0246
0.3	-65.0246
0.4	-65.0246
0.5	-65.0246
0.6	-65.0246
0.7	-65.0246
0.8	-65.0246
0.9	-65.0246
1	-65.0246
1.1	-65.0246
1.2	-65.0246
1.3	-65.0246
1.4	-65.0246
1.5	-65.0246
1.6	-65.0246
1.7	-65.0246
1.8	-65.0246
1.9	-65.0246
2	-65.0246
2.1	-65.0246
2.2	-65.0246
2.3	-65.0246
2.4	-65.0246
2.5	-65.0246
2.6	-65.0246
2.7	-65.0246
2.8	-65.0246
2.9	-65.0246
3	-65.0246
3.1	-65.0246
3.2	-65.0246
3.3	-65.0246
3.4	-65.0246
3.5	-65.0246
3.6	-65.0246
3.7	-65.0246
3.8	-65.0246
3.9	-65.0246
4	-65.0246
4.1	-65.0246
4.2	-65.0246
4.3	-65.0246
4.4	-65.0246
4.5	-65.0246
4.6	-65.0246
4.7	-65.0246
4.8	-65.0246
4.9	-65.0246
5	-65.0246
5.1	-65.0246
5.2	-65.0246
5.3	-65.0246
5.4	-65.0246
5.5	-65.0246
5.6	-65.0246
5.7	-65.0246
5.8	-65.0246
5.9	-65.0246
6	-65.0246
6.1	-65.0246
6.2	-65.0246
6.3	-65.0246
6.4	-65.0246
6.5	-65.0246
6.6	-65.0246
6.7	-65.0246
6.8	-65.0246
6.9	-65.0246
7	-65.0246
7.1	-65.0246
7.2	-65.0246
7.3	-65.0246
7.4	-65.0246
7.5	-65.0246
7.6	-65.0246
7.7	-65.0246
7.8	-65.0246
7.9	-65.0246
8	-65.0246
8.1	-65.0246
8.2	-64.7999
8.3	-64.1822
8.4	-63.2379
8.5	-62.0056
8.6	-60.5419
8.7	-58.8974
8.8	-57.1188
8.9	-55.2482
9	-53.3198
9.1	-51.3606
9.2	-49.3852
9.3	-47.3886
9.4	-45.3207
9.5	-42.9887
9.6	-39.5034
9.7	-31.6263
9.8	-13.5764
9.9	27.9873
10	61.7788
10.1	45.7618
10.2	48.0883
10.3	37.9167
10.4	34.0711
10.5	26.7774
10.6	21.577
10.7	14.9488
10.8	9.53748
10.9	2.93887
11	-2.7218
11.1	-9.17477
11.2	-15.2925
11.3	-23.3297
11.4	-33.3466
11.5	-45.9384
11.6	-55.6743
11.7	-61.3737
11.8	-63.8758
11.9	-64.9867
12	-65.0589
12.1	-64.7203
12.2	-63.9748
12.3	-63.0678
12.4	-61.9616
12.5	-60.7812
12.6	-59.5013
12.7	-58.1937
12.8	-56.8439
12.9	-55.4941
13	-54.1348
13.1	-53.0834
13.2	-51.892
13.3	-50.7893
13.4	-48.2879
13.5	-44.1806
13.6	-40.3477
13.7	-37.0713
13.8	-32.9654
13.9	-24.3356
14	2.48419
14.1	65.3926
14.2	36.0853
14.3	41.4027
14.4	28.9199
14.5	24.6789
14.6	17.0933
14.7	11.0155
14.8	4.39068
14.9	-2.20448
15	-8.70547
15.1	-15.8511
15.2	-24.9383
15.3	-38.1064
15.4	-53.976
15.5	-63.8459
15.6	-68.1133
15.7	-69.6695
15.8	-70.0491
15.9	-69.7886
16	-69.1743
16.1	-68.3373
16.2	-67.3584
16.3	-66.292
16.4	-65.1711
16.5	-64.0259
16.6	-62.8732
16.7	-61.7311
16.8	-60.6086
16.9	-59.5161
17	-58.4583
17.1	-57.4408
17.2	-56.59
17.3	-55.7529
17.4	-54.9849
17.5	-54.2411
17.6	-53.5501
17.7	-52.889
17.8	-52.2713
17.9	-51.6836
18	-51.1462
18.1	-50.6629
18.2	-50.2329
18.3	-49.8485
18.4	-49.5075
18.5	-49.2037
18.6	-48.9347
18.7	-48.6959
18.8	-48.4848
18.9	-48.298
19	-48.1332
19.1	-47.9877
19.2	-47.8596
19.3	-47.7465
19.4	-47.647
19.5	-47.5592
19.6	-47.4815
19.7	-47.4124
19.8	-47.3502
19.9	-47.2931
