t	v
0	-65.0246
0.1	-65.0246
0.2	-65.0246
0.3	-65.0246
0.4	-65.0246
0.5	-65.0246
0.6	-65.0246
0.7	-65.0246
0.8	-65.0246
0.9	-65.0246
1	-65.0246
1.1	-65.0246
1.2	-65.0246
1.3	-65.0246
1.4	-65.0246
1.5	-65.0246
1.6	-65.0246
1.7	-65.0246
1.8	-65.0246
1.9	-65.0246
2	-65.0246
2.1	-65.0246
2.2	-65.0246
2.3	-65.0246
2.4	-65.0246
2.5	-65.0246
2.6	-65.0246
2.7	-65.0246
2.8	-65.0246
2.9	-65.0246
3	-65.0246
3.1	-65.0246
3.2	-65.0246
3.3	-65.0246
3.4	-65.0246
3.5	-65.0246
3.6	-65.0246
3.7	-65.0246
3.8	-65.0246
3.9	-65.0246
4	-65.0246
4.1	-65.0246
4.2	-65.0246
4.3	-65.0246
4.4	-65.0246
4.5	-65.0246
4.6	-65.0246
4.7	-65.0246
4.8	-65.0246
4.9	-65.0246
5	-65.0246
5.1	-65.0246
5.2	-65.0246
5.3	-65.0246
5.4	-65.0246
5.5	-65.0246
5.6	-65.0246
5.7	-65.0246
5.8	-65.0246
5.9	-65.0246
6	-65.0246
6.1	-65.0246
6.2	-65.0246
6.3	-65.0246
6.4	-65.0246
6.5	-65.0246
6.6	-65.0246
6.7	-65.0246
6.8	-65.0246
6.9	-65.0246
7	-65.0246
7.1	-65.0246
7.2	-65.0246
7.3	-65.0246
7.4	-65.0246
7.5	-65.0246
7.6	-65.0246
7.7	-65.0246
7.8	-65.0246
7.9	-65.0246
8	-65.0246
8.1	-65.0246
8.2	-64.789
8.3	-64.1476
8.4	-63.176
8.5	-61.913
8.6	-60.4175
8.7	-58.7406
8.8	-56.9297
8.9	-55.0274
9	-53.0682
9.1	-51.0802
9.2	-49.0792
9.3	-47.0641
9.4	-44.9954
9.5	-42.7262
9.6	-39.6214
9.7	-33.0896
9.8	-17.8309
9.9	18.1132
10	63.9847
10.1	43.875
10.2	51.7068
10.3	36.4835
10.4	37.1473
10.5	26.188
10.6	23.8226
10.7	15.1194
10.8	11.2124
10.9	3.6054
11	-1.34599
11.1	-8.2563
11.2	-13.9197
11.3	-21.7922
11.4	-31.1456
11.5	-43.654
11.6	-54.1978
11.7	-60.6363
11.8	-63.4997
11.9	-64.8094
12	-64.9553
12.1	-64.6639
12.2	-63.9225
12.3	-63.0202
12.4	-61.6838
12.5	-60.729
12.6	-59.8353
12.7	-59.1695
12.8	-58.5559
12.9	-58.0579
13	-57.5886
13.1	-57.2287
13.2	-56.8478
13.3	-56.5176
13.4	-54.6458
13.5	-51.3999
13.6	-49.3083
13.7	-48.2303
13.8	-46.8399
13.9	-43.0787
14	-33.9515
14.1	-18.2236
14.2	13.1591
14.3	34.3076
14.4	19.7847
14.5	25.5016
14.6	9.87089
14.7	11.7876
14.8	-0.289953
14.9	-1.95386
15	-11.2228
15.1	-15.9228
15.2	-26.2867
15.3	-38.7446
15.4	-54.5978
15.5	-61.6881
15.6	-64.4187
15.7	-64.8486
15.8	-64.9591
15.9	-64.3577
16	-63.915
16.1	-63.2245
16.2	-62.6993
16.3	-62.0631
16.4	-61.5537
16.5	-60.9965
16.6	-60.533
16.7	-60.0545
16.8	-59.6451
16.9	-59.2376
17	-58.8816
17.1	-58.5354
17.2	-58.2281
17.3	-57.9335
17.4	-57.7836
17.5	-57.7714
17.6	-57.7747
17.7	-57.7635
17.8	-57.7364
17.9	-57.6935
18	-57.6414
18.1	-57.5804
18.2	-57.5161
18.3	-57.4483
18.4	-57.3833
18.5	-57.3233
18.6	-57.2718
18.7	-57.2264
18.8	-57.186
18.9	-57.1489
19	-57.1151
19.1	-57.0837
19.2	-57.0546
19.3	-57.0273
19.4	-57.0018
19.5	-56.9776
19.6	-56.9548
19.7	-56.9331
19.8	-56.9124
19.9	-56.8925
