t	v
0	-65.0246
0.1	-65.0246
0.2	-65.0246
0.3	-65.0246
0.4	-65.0246
0.5	-65.0246
0.6	-65.0246
0.7	-65.0246
0.8	-65.0246
0.9	-65.0246
1	-65.0246
1.1	-65.0246
1.2	-65.0246
1.3	-65.0246
1.4	-65.0246
1.5	-65.0246
1.6	-65.0246
1.7	-65.0246
1.8	-65.0246
1.9	-65.0246
2	-65.0246
2.1	-65.0246
2.2	-65.0246
2.3	-65.0246
2.4	-65.0246
2.5	-65.0246
2.6	-65.0246
2.7	-65.0246
2.8	-65.0246
2.9	-65.0246
3	-65.0246
3.1	-65.0246
3.2	-65.0246
3.3	-65.0246
3.4	-65.0246
3.5	-65.0246
3.6	-65.0246
3.7	-65.0246
3.8	-65.0246
3.9	-65.0246
4	-65.0246
4.1	-65.0246
4.2	-65.0246
4.3	-65.0246
4.4	-65.0246
4.5	-65.0246
4.6	-65.0246
4.7	-65.0246
4.8	-65.0246
4.9	-65.0246
5	-65.0246
5.1	-65.0246
5.2	-65.0246
5.3	-65.0246
5.4	-65.0246
5.5	-65.0246
5.6	-65.0246
5.7	-65.0246
5.8	-65.0246
5.9	-65.0246
6	-65.0246
6.1	-65.0246
6.2	-65.0246
6.3	-65.0246
6.4	-65.0246
6.5	-65.0246
6.6	-65.0246
6.7	-65.0246
6.8	-65.0246
6.9	-65.0246
7	-65.0246
7.1	-65.0246
7.2	-65.0246
7.3	-65.0246
7.4	-65.0246
7.5	-65.0246
7.6	-65.0246
7.7	-65.0246
7.8	-65.0246
7.9	-65.0246
8	-65.0246
8.1	-65.0246
8.2	-64.7881
8.3	-64.1437
8.4	-63.1639
8.5	-61.8897
8.6	-60.3796
8.7	-58.6851
8.8	-56.8544
8.9	-54.93
9	-52.948
9.1	-50.9369
9.2	-48.9152
9.3	-46.8853
9.4	-44.8191
9.5	-42.6095
9.6	-39.844
9.7	-34.6435
9.8	-21.3843
9.9	10.5673
10	62.8549
10.1	44.1377
10.2	53.6323
10.3	36.016
10.4	39.3906
10.5	25.9244
10.6	25.6101
10.7	15.3329
10.8	12.5624
10.9	4.17918
11	-0.237519
11.1	-7.51368
11.2	-12.8773
11.3	-20.6649
11.4	-29.5726
11.5	-41.8724
11.6	-52.9495
11.7	-59.9798
11.8	-63.1948
11.9	-64.6768
12	-64.9077
12.1	-64.6555
12.2	-63.9272
12.3	-63.0269
12.4	-61.7322
12.5	-60.7401
12.6	-59.8451
12.7	-59.1181
12.8	-58.4711
12.9	-57.9056
13	-57.3925
13.1	-56.9779
13.2	-56.5568
13.3	-56.148
13.4	-54.5947
13.5	-51.9498
13.6	-50.0543
13.7	-49.064
13.8	-48.3661
13.9	-47.2216
14	-43.9259
14.1	-35.8733
14.2	-21.119
14.3	12.7609
14.4	40.5642
14.5	24.2127
14.6	32.4926
14.7	15.6719
14.8	18.6934
14.9	5.39413
15	3.71876
15.1	-6.55628
15.2	-10.7461
15.3	-20.2807
15.4	-29.897
15.5	-45.5155
15.6	-57.9865
15.7	-64.0852
15.8	-65.6472
15.9	-66.4132
16	-66.0563
16.1	-65.7307
16.2	-64.9953
16.3	-64.3792
16.4	-63.591
16.5	-62.9118
16.6	-62.16
16.7	-61.4971
16.8	-60.8123
16.9	-60.2013
17	-59.5946
17.1	-59.049
17.2	-58.5202
17.3	-58.0417
17.4	-57.6152
17.5	-57.2291
17.6	-56.861
17.7	-56.5226
17.8	-56.2034
17.9	-55.9095
18	-55.6338
18.1	-55.3793
18.2	-55.1409
18.3	-54.9326
18.4	-54.7617
18.5	-54.6235
18.6	-54.5111
18.7	-54.4206
18.8	-54.3472
18.9	-54.2884
19	-54.241
19.1	-54.2036
19.2	-54.1739
19.3	-54.1509
19.4	-54.1332
19.5	-54.1201
19.6	-54.1105
19.7	-54.1039
19.8	-54.0997
19.9	-54.0975
