t	v
0	-67.0184
0.1	-67.0184
0.2	-67.0184
0.3	-67.0184
0.4	-67.0184
0.5	-67.0184
0.6	-67.0184
0.7	-67.0184
0.8	-67.0184
0.9	-67.0184
1	-67.0184
1.1	-67.0184
1.2	-67.0184
1.3	-67.0184
1.4	-67.0184
1.5	-67.0184
1.6	-67.0184
1.7	-67.0184
1.8	-67.0184
1.9	-67.0184
2	-67.0184
2.1	-67.0184
2.2	-67.0184
2.3	-67.0184
2.4	-67.0184
2.5	-67.0184
2.6	-67.0184
2.7	-67.0184
2.8	-67.0184
2.9	-67.0184
3	-67.0184
3.1	-67.0184
3.2	-67.0184
3.3	-67.0184
3.4	-67.0184
3.5	-67.0184
3.6	-67.0184
3.7	-67.0184
3.8	-67.0184
3.9	-67.0184
4	-67.0184
4.1	-67.0184
4.2	-67.0184
4.3	-67.0184
4.4	-67.0184
4.5	-67.0184
4.6	-67.0184
4.7	-67.0184
4.8	-67.0184
4.9	-67.0184
5	-67.0184
5.1	-67.0184
5.2	-67.0184
5.3	-67.0184
5.4	-67.0184
5.5	-67.0184
5.6	-67.0184
5.7	-67.0184
5.8	-67.0184
5.9	-67.0184
6	-67.0184
6.1	-67.0184
6.2	-67.0184
6.3	-67.0184
6.4	-67.0184
6.5	-67.0184
6.6	-67.0184
6.7	-67.0184
6.8	-67.0184
6.9	-67.0184
7	-67.0184
7.1	-67.0184
7.2	-67.0184
7.3	-67.0184
7.4	-67.0184
7.5	-67.0184
7.6	-67.0184
7.7	-67.0184
7.8	-67.0184
7.9	-67.0184
8	-67.0184
8.1	-67.0184
8.2	-66.85
8.3	-66.391
8.4	-65.6897
8.5	-64.7682
8.6	-63.663
8.7	-62.4054
8.8	-61.0258
8.9	-59.552
9	-58.0087
9.1	-56.4181
9.2	-54.7991
9.3	-53.1684
9.4	-51.5398
9.5	-49.9244
9.6	-48.3308
9.7	-46.7646
9.8	-45.2284
9.9	-43.7205
10	-42.2342
10.1	-40.755
10.2	-39.2555
10.3	-37.6802
10.4	-35.9036
10.5	-33.5882
10.6	-29.8569
10.7	-23.0127
10.8	-11.1166
10.9	8.44856
11	34.4533
11.1	44.4473
11.2	38.4464
11.3	26.3657
11.4	16.8683
11.5	6.76751
11.6	-1.50004
11.7	-11.9375
11.8	-25.2927
11.9	-42.4583
12	-56.3035
12.1	-64.3345
12.2	-67.8783
12.3	-69.8583
12.4	-70.2697
12.5	-70.2412
12.6	-69.6463
12.7	-68.9176
12.8	-67.9431
12.9	-66.913
13	-65.766
13.1	-64.41
13.2	-63.1958
13.3	-61.9687
13.4	-57.5004
13.5	-49.069
13.6	-41.7996
13.7	-36.7468
13.8	-32.6452
13.9	-28.5371
14	-23.3339
14.1	-16.2
14.2	-5.23599
14.3	10.6423
14.4	20.7672
14.5	17.6569
14.6	9.73823
14.7	0.100028
14.8	-10.9814
14.9	-27.2446
15	-46.8892
15.1	-57.7731
15.2	-63.7932
15.3	-66.8263
15.4	-68.5166
15.5	-69.185
15.6	-69.402
15.7	-69.1818
15.8	-68.7583
15.9	-68.1351
16	-67.4046
16.1	-66.5702
16.2	-65.677
16.3	-64.7379
16.4	-63.7777
16.5	-62.8075
16.6	-61.8399
16.7	-60.8827
16.8	-59.9422
16.9	-59.0231
17	-58.1283
17.1	-57.2605
17.2	-56.4208
17.3	-55.6168
17.4	-54.9862
17.5	-54.4333
17.6	-53.9182
17.7	-53.418
17.8	-52.9309
17.9	-52.45
18	-51.9787
18.1	-51.5153
18.2	-51.0627
18.3	-50.622
18.4	-50.1964
18.5	-49.7862
18.6	-49.3921
18.7	-49.0137
18.8	-48.6513
18.9	-48.3042
19	-47.9723
19.1	-47.6549
19.2	-47.3515
19.3	-47.0616
19.4	-46.7847
19.5	-46.5199
19.6	-46.267
19.7	-46.0251
19.8	-45.7938
19.9	-45.5726
