t	v
0	-67.0184
0.1	-67.0184
0.2	-67.0184
0.3	-67.0184
0.4	-67.0184
0.5	-67.0184
0.6	-67.0184
0.7	-67.0184
0.8	-67.0184
0.9	-67.0184
1	-67.0184
1.1	-67.0184
1.2	-67.0184
1.3	-67.0184
1.4	-67.0184
1.5	-67.0184
1.6	-67.0184
1.7	-67.0184
1.8	-67.0184
1.9	-67.0184
2	-67.0184
2.1	-67.0184
2.2	-67.0184
2.3	-67.0184
2.4	-67.0184
2.5	-67.0184
2.6	-67.0184
2.7	-67.0184
2.8	-67.0184
2.9	-67.0184
3	-67.0184
3.1	-67.0184
3.2	-67.0184
3.3	-67.0184
3.4	-67.0184
3.5	-67.0184
3.6	-67.0184
3.7	-67.0184
3.8	-67.0184
3.9	-67.0184
4	-67.0184
4.1	-67.0184
4.2	-67.0184
4.3	-67.0184
4.4	-67.0184
4.5	-67.0184
4.6	-67.0184
4.7	-67.0184
4.8	-67.0184
4.9	-67.0184
5	-67.0184
5.1	-67.0184
5.2	-67.0184
5.3	-67.0184
5.4	-67.0184
5.5	-67.0184
5.6	-67.0184
5.7	-67.0184
5.8	-67.0184
5.9	-67.0184
6	-67.0184
6.1	-67.0184
6.2	-67.0184
6.3	-67.0184
6.4	-67.0184
6.5	-67.0184
6.6	-67.0184
6.7	-67.0184
6.8	-67.0184
6.9	-67.0184
7	-67.0184
7.1	-67.0184
7.2	-67.0184
7.3	-67.0184
7.4	-67.0184
7.5	-67.0184
7.6	-67.0184
7.7	-67.0184
7.8	-67.0184
7.9	-67.0184
8	-67.0184
8.1	-67.0184
8.2	-66.8503
8.3	-66.3924
8.4	-65.693
8.5	-64.7738
8.6	-63.6718
8.7	-62.4182
8.8	-61.0436
8.9	-59.5757
9	-58.0391
9.1	-56.4558
9.2	-54.8448
9.3	-53.2225
9.4	-51.6024
9.5	-49.9956
9.6	-48.4104
9.7	-46.8521
9.8	-45.3228
9.9	-43.8202
10	-42.3368
10.1	-40.8563
10.2	-39.3464
10.3	-37.7391
10.4	-35.8646
10.5	-33.2762
10.6	-29.0276
10.7	-21.8085
10.8	-9.97079
10.9	10.121
11	36.2729
11.1	44.3426
11.2	37.5611
11.3	25.5494
11.4	16.0177
11.5	6.08721
11.6	-2.27418
11.7	-12.7157
11.8	-26.3386
11.9	-43.5792
12	-57.0746
12.1	-64.6907
12.2	-68.0895
12.3	-69.9418
12.4	-70.2981
12.5	-70.1968
12.6	-69.575
12.7	-68.8092
12.8	-67.8272
12.9	-66.7881
13	-65.6523
13.1	-64.3143
13.2	-63.1289
13.3	-61.9332
13.4	-57.1065
13.5	-48.1409
13.6	-40.8733
13.7	-35.9779
13.8	-31.9318
13.9	-27.8516
14	-22.5608
14.1	-15.2694
14.2	-4.08013
14.3	11.2303
14.4	19.6161
14.5	16.022
14.6	8.2427
14.7	-1.28697
14.8	-12.7508
14.9	-29.8964
15	-48.747
15.1	-58.3713
15.2	-63.9539
15.3	-66.6656
15.4	-68.2018
15.5	-68.7713
15.6	-68.9254
15.7	-68.677
15.8	-68.2316
15.9	-67.6094
16	-66.8824
16.1	-66.0668
16.2	-65.1935
16.3	-64.2842
16.4	-63.3552
16.5	-62.4228
16.6	-61.4946
16.7	-60.5813
16.8	-59.6859
16.9	-58.8149
17	-57.9692
17.1	-57.1522
17.2	-56.3638
17.3	-55.6055
17.4	-54.9791
17.5	-54.4742
17.6	-53.9897
17.7	-53.5364
17.8	-53.0874
17.9	-52.6517
18	-52.2205
18.1	-51.8003
18.2	-51.3877
18.3	-50.987
18.4	-50.5975
18.5	-50.2243
18.6	-49.8682
18.7	-49.5307
18.8	-49.2104
18.9	-48.9075
19	-48.6207
19.1	-48.3496
19.2	-48.0932
19.3	-47.8509
19.4	-47.6218
19.5	-47.4052
19.6	-47.2003
19.7	-47.0066
19.8	-46.8232
19.9	-46.6496
