t	v
0	-65.0246
0.1	-65.0246
0.2	-65.0246
0.3	-65.0246
0.4	-65.0246
0.5	-65.0246
0.6	-65.0246
0.7	-65.0246
0.8	-65.0246
0.9	-65.0246
1	-65.0246
1.1	-65.0246
1.2	-65.0246
1.3	-65.0246
1.4	-65.0246
1.5	-65.0246
1.6	-65.0246
1.7	-65.0246
1.8	-65.0246
1.9	-65.0246
2	-65.0246
2.1	-65.0246
2.2	-65.0246
2.3	-65.0246
2.4	-65.0246
2.5	-65.0246
2.6	-65.0246
2.7	-65.0246
2.8	-65.0246
2.9	-65.0246
3	-65.0246
3.1	-65.0246
3.2	-65.0246
3.3	-65.0246
3.4	-65.0246
3.5	-65.0246
3.6	-65.0246
3.7	-65.0246
3.8	-65.0246
3.9	-65.0246
4	-65.0246
4.1	-65.0246
4.2	-65.0246
4.3	-65.0246
4.4	-65.0246
4.5	-65.0246
4.6	-65.0246
4.7	-65.0246
4.8	-65.0246
4.9	-65.0246
5	-65.0246
5.1	-65.0246
5.2	-65.0246
5.3	-65.0246
5.4	-65.0246
5.5	-65.0246
5.6	-65.0246
5.7	-65.0246
5.8	-65.0246
5.9	-65.0246
6	-65.0246
6.1	-65.0246
6.2	-65.0246
6.3	-65.0246
6.4	-65.0246
6.5	-65.0246
6.6	-65.0246
6.7	-65.0246
6.8	-65.0246
6.9	-65.0246
7	-65.0246
7.1	-65.0246
7.2	-65.0246
7.3	-65.0246
7.4	-65.0246
7.5	-65.0246
7.6	-65.0246
7.7	-65.0246
7.8	-65.0246
7.9	-65.0246
8	-65.0246
8.1	-65.0246
8.2	-64.7734
8.3	-64.0986
8.4	-63.0861
8.5	-61.7755
8.6	-60.229
8.7	-58.4983
8.8	-56.6324
8.9	-54.6746
9	-52.6609
9.1	-50.6209
9.2	-48.5735
9.3	-46.5243
9.4	-44.452
9.5	-42.2768
9.6	-39.7314
9.7	-35.6348
9.8	-25.3166
9.9	0.682377
10	56.3794
10.1	47.9254
10.2	53.4326
10.3	37.625
10.4	40.7234
10.5	26.922
10.6	27.005
10.7	16.4238
10.8	13.778
10.9	5.43131
11	0.936126
11.1	-6.22634
11.2	-11.6316
11.3	-18.9565
11.4	-27.3994
11.5	-39.0826
11.6	-50.9143
11.7	-58.7088
11.8	-62.5225
11.9	-64.2072
12	-64.6148
12.1	-64.4017
12.2	-63.7333
12.3	-62.8365
12.4	-61.6042
12.5	-60.6537
12.6	-59.7916
12.7	-59.0909
12.8	-58.4592
12.9	-57.909
13	-57.4034
13.1	-56.9967
13.2	-56.579
13.3	-56.2055
13.4	-54.7177
13.5	-52.05
13.6	-50.1067
13.7	-49.1156
13.8	-48.3527
13.9	-46.9971
14	-43.439
14.1	-36.3365
14.2	-25.3639
14.3	1.83701
14.4	34.9114
14.5	22.6931
14.6	27.3433
14.7	14.94
14.8	13.8967
14.9	4.89162
15	1.99379
15.1	-5.92288
15.2	-11.015
15.3	-19.8932
15.4	-30.4435
15.5	-45.5876
15.6	-55.6233
15.7	-59.6184
15.8	-61.1924
15.9	-61.9928
16	-62.2603
16.1	-62.3983
16.2	-62.1633
16.3	-61.9291
16.4	-61.5258
16.5	-61.182
16.6	-60.7697
16.7	-60.406
16.8	-60.008
16.9	-59.6524
17	-59.2899
17.1	-58.9656
17.2	-58.6429
17.3	-58.3876
17.4	-58.261
17.5	-58.247
17.6	-58.2163
17.7	-58.1865
17.8	-58.1356
17.9	-58.0793
18	-58.0118
18.1	-57.9425
18.2	-57.8686
18.3	-57.7954
18.4	-57.7239
18.5	-57.661
18.6	-57.6039
18.7	-57.5519
18.8	-57.5028
18.9	-57.457
19	-57.4133
19.1	-57.372
19.2	-57.3324
19.3	-57.2948
19.4	-57.2587
19.5	-57.2241
19.6	-57.1907
19.7	-57.1585
19.8	-57.1274
19.9	-57.0972
