t	v
0	-63.0102
0.1	-63.0102
0.2	-63.0102
0.3	-63.0102
0.4	-63.0102
0.5	-63.0102
0.6	-63.0102
0.7	-63.0102
0.8	-63.0102
0.9	-63.0102
1	-63.0102
1.1	-63.0102
1.2	-63.0102
1.3	-63.0102
1.4	-63.0102
1.5	-63.0102
1.6	-63.0102
1.7	-63.0102
1.8	-63.0102
1.9	-63.0102
2	-63.0102
2.1	-63.0102
2.2	-63.0102
2.3	-63.0102
2.4	-63.0102
2.5	-63.0102
2.6	-63.0102
2.7	-63.0102
2.8	-63.0102
2.9	-63.0102
3	-63.0102
3.1	-63.0102
3.2	-63.0102
3.3	-63.0102
3.4	-63.0102
3.5	-63.0102
3.6	-63.0102
3.7	-63.0102
3.8	-63.0102
3.9	-63.0102
4	-63.0102
4.1	-63.0102
4.2	-63.0102
4.3	-63.0102
4.4	-63.0102
4.5	-63.0102
4.6	-63.0102
4.7	-63.0102
4.8	-63.0102
4.9	-63.0102
5	-63.0102
5.1	-63.0102
5.2	-63.0102
5.3	-63.0102
5.4	-63.0102
5.5	-63.0102
5.6	-63.0102
5.7	-63.0102
5.8	-63.0102
5.9	-63.0102
6	-63.0102
6.1	-63.0102
6.2	-63.0102
6.3	-63.0102
6.4	-63.0102
6.5	-63.0102
6.6	-63.0102
6.7	-63.0102
6.8	-63.0102
6.9	-63.0102
7	-63.0102
7.1	-63.0102
7.2	-63.0102
7.3	-63.0102
7.4	-63.0102
7.5	-63.0102
7.6	-63.0102
7.7	-63.0102
7.8	-63.0102
7.9	-63.0102
8	-63.0102
8.1	-63.0102
8.2	-62.9557
8.3	-62.7177
8.4	-62.2041
8.5	-61.4035
8.6	-60.3437
8.7	-59.0722
8.8	-57.642
8.9	-56.1045
9	-54.5048
9.1	-52.8798
9.2	-51.2553
9.3	-49.6425
9.4	-48.029
9.5	-46.3623
9.6	-44.5233
9.7	-42.299
9.8	-39.3705
9.9	-35.3228
10	-29.6583
10.1	-21.4417
10.2	-7.75463
10.3	19.293
10.4	40.6809
10.5	42.1207
10.6	41.817
10.7	39.8428
10.8	36.6755
10.9	33.0335
11	28.7136
11.1	24.3262
11.2	19.5208
11.3	14.7279
11.4	9.71938
11.5	4.77084
11.6	-0.249481
11.7	-5.08805
11.8	-9.79708
11.9	-14.3174
12	-18.7235
12.1	-22.9631
12.2	-27.0148
12.3	-30.7715
12.4	-34.6899
12.5	-38.1655
12.6	-41.0266
12.7	-43.2477
12.8	-44.9412
12.9	-46.2089
13	-47.1661
13.1	-48.148
13.2	-49.0351
13.3	-49.86
13.4	-49.9272
13.5	-48.6955
13.6	-47.0263
13.7	-45.7238
13.8	-44.5437
13.9	-43.5759
14	-42.7697
14.1	-42.135
14.2	-41.6848
14.3	-41.3849
14.4	-41.225
14.5	-41.1697
14.6	-41.1963
14.7	-41.2824
14.8	-41.4045
14.9	-41.5527
15	-41.7083
15.1	-41.8703
15.2	-42.0255
15.3	-42.1777
15.4	-42.3185
15.5	-42.4534
15.6	-42.5772
15.7	-42.6953
15.8	-42.8045
15.9	-42.9095
16	-43.0083
16.1	-43.1044
16.2	-43.1966
16.3	-43.2874
16.4	-43.3763
16.5	-43.4646
16.6	-43.5524
16.7	-43.6403
16.8	-43.7285
16.9	-43.8171
17	-43.9067
17.1	-43.9968
17.2	-44.0883
17.3	-44.1802
17.4	-44.5386
17.5	-44.9319
17.6	-45.3411
17.7	-45.8518
17.8	-46.3645
17.9	-46.8109
18	-47.2092
18.1	-47.5389
18.2	-47.8322
18.3	-48.0754
18.4	-48.2981
18.5	-48.4875
18.6	-48.6676
18.7	-48.8245
18.8	-48.9782
18.9	-49.1147
19	-49.2513
19.1	-49.3746
19.2	-49.4997
19.3	-49.6139
19.4	-49.7309
19.5	-49.8387
19.6	-49.9497
19.7	-50.0527
19.8	-50.1592
19.9	-50.2584
